24166
23128
21164
22300
24551
20938
23504
22032
24913
24768
22592
23097
24725
20295
24550
20276
24202
20459
25542
23552
20519
21999
20347
23863
24385
22078
20892
22456
22350
24727
22302
23037
22209
21727
24900
22181
22721
21130
20794
22733
21527
24914
20046
25160
22886
22915
21389
22934
22116
20556
24809
20971
24454
20070
23768
24059
21084
21572
24630
24011
25251
24284
24229
22781
23355
20300
21071
24879
21468
20139
25146
21435
23262
24294
21902
23853
24506
25016
22793
22788
23094
23869
24130
24975
21030
24641
20278
20236
22080
22750
20777
20561
25481
24378
24001
25070
21879
20742
20431
22850
25624
20179
23540
25212
20869
21677
20968
23353
22021
25174
24327
21822
21462
24658
21105
21355
23830
23736
22514
21427
24402
22429
20999
22006
24201
24852
21421
23350
20423
21532
22360
23758
25086
20838
20324
21041
23191
24547
23340
20922
24927
21593
21661
21233
24799
20081
22252
24360
24038
23913
22941
23095
21337
24054
20358
22912
24507
24761
20770
22206
22993
20385
24070
25439
21144
23599
21670
20442
23053
20275
23627
20476
21079
21751
23399
24757
24193
22749
23847
22266
24203
22124
25124
20170
24902
20383
22349
23108
20187
22641
25434
22114
24182
20687
25330
23229
24485
23904
23822
21942
24934
20694
21932
20997
22274
21577
23715
22859
20872
21550
21044
20712
22713
23986
20359
24135
23243
25473
21166
25650
22685
24805
24686
24063
21762
24789
21528
20030
24916
24249
25253
23331
24974
21493
23538
20180
23672
25033
24371
20897
22827
22376
20044
21771
21057
25555
24971
22341
24843
23468
23983
21961
23012
22342
21204
22608
20614
20490
23223
21340
21989
21195
20988
23096
22626
21581
23454
24741
24321
20399
25181
24604
20799
21764
21387
23933
23841
20607
24992
24437
22773
24949
21815
25401
25256
24146
23394
20830
22817
22970
25169
21953
25596
20492
25264
20963
24381
21128
21638
20595
22714
24568
23127
24248
21697
20314
22987
24699
24089
23653
24183
21122
23360
23888
24280
23660
21994
24026
22490
24788
24469
25012
21668
22222
24431
23121
24311
23838
20018
24339
22509
20270
24807
23313
22896
21919
24207
22688
24444
21441
24859
21501
24132
22738
20335
21317
20073
20780
24370
24103
23452
22320
21761
23414
22961
21618
20079
23688
24335
22174
25516
24250
22311
20759
20230
21047
22903
23685
23268
25072
21931
20658
20937
22473
21197
21794
20235
22969
24148
23213
25441
23329
20005
23228
20303
22963
24722
23266
22830
24815
23019
21229
25171
23376
24543
24272
25633
21789
21292
21494
22569
24503
24903
23957
23288
24961
25168
21772
22754
25403
25205
22579
20784
20984
24108
23939
25666
23686
22155
22700
22254
22628
20574
23837
23654
20673
21348
20959
24793
24866
20953
23222
22609
23579
22110
25150
21575
23864
24251
20785
23992
20722
22049
23683
24644
23161
25295
24458
24007
24967
22001
23290
25657
22642
24628
25608
23307
23842
24574
22542
22210
25440
20090
21733
20696
25226
25161
20796
25004
22071
23334
20584
24450
24909
22639
24018
23101
20560
20992
23325
24678
20220
23196
22416
25553
25385
23400
24883
22442
23735
24663
23461
21726
24729
23711
20718
25471
20553
24747
21811
23642
21658
24716
22022
25346
21021
23007
20840
22894
24834
24224
21624
25108
23045
23936
24858
20305
20091
24523
24191
24751
21308
22893
23764
21232
21738
22769
24760
25125
25510
22645
22804
21554
24464
20164
22373
21259
21486
23131
24612
22397
24631
23717
24561
21640
20337
24869
23281
22214
20636
24079
23940
21286
20644
24546
23652
22605
23234
20433
23418
21875
23098
23192
20434
23802
22493
24142
20042
24331
21295
25312
25164
22292
24244
22946
22268
25189
21019
24104
22359
24660
20525
24583
20362
23624
21408
21405
24581
22324
20700
23205
20811
24731
20376
20960
20831
20670
24216
23251
20382
22199
23181
25147
21174
21968
20923
20475
25610
23138
24121
20868
20168
23287
21503
24187
23070
20721
22635
21032
22278
20854
24286
23387
23593
20510
22977
25422
23437
25575
25193
25376
24228
23777
25597
24733
22675
21512
22315
22784
22118
25457
24957
22167
23581
20211
20033
20661
20234
21475
21143
21065
25598
22386
20239
24812
21326
22062
25629
21178
24881
22730
23531
20117
23618
25411
24493
24133
24163
24196
25265
21574
24256
24023
24810
24490
21025
23132
21757
21590
24752
23466
20350
24589
20396
20056
22334
21001
21578
24484
23447
25032
25000
22115
24954
21485
23029
23253
20688
20186
25560
22537
22616
23543
24998
24624
22853
20980
20690
23338
23003
22655
24492
22567
25614
23884
23693
21563
23356
22880
24254
24670
24703
24792
20926
25609
23597
21662
21135
21418
25572
23210
21551
21948
23082
21521
21324
22942
22453
21137
23817
20966
20544
22219
22133
21823
22216
22746
22689
24925
23601
22938
24359
20972
21369
23698
24096
25311
21611
25093
23960
22467
24819
23651
23897
23582
21265
23776
23255
23752
24771
25586
21354
24880
23176
25651
25509
23524
21583
23359
25391
25158
24968
25038
24906
21711
23125
23469
20258
20200
25097
20415
21288
20570
24297
25660
21881
25026
23587
25513
20975
21637
20500
22027
20738
23648
20680
20293
20924
20534
20930
22290
21005
22402
24999
25497
25073
23559
25059
23284
22911
20539
25294
25275
20889
25101
21287
23323
20748
20327
23435
20855
25399
20204
20105
25552
25580
23867
21146
20266
25438
22113
21277
23820
21833
22852
23929
21706
22154
20020
20502
25343
21867
21217
24341
22486
24766
24170
20727
23398
22981
25024
23775
21587
24642
23479
20825
24763
24524
20941
24682
22737
24410
25053
20559
22521
22430
25527
25626
20225
24029
23833
22759
21542
22008
21050
24861
20935
22185
21444
23201
24669
23576
22813
20232
21984
21420
21888
22501
22468
22726
24139
22615
20035
25640
22624
20441
22612
23183
20649
23378
20075
20622
20898
23244
21925
24930
23246
24515
25520
21094
23746
21791
21828
25351
23306
24620
21112
25503
25416
23761
25272
23415
21964
25029
24049
22704
23030
25380
20902
22100
20965
20457
21947
25357
23765
23031
24156
24544
20651
23083
22895
23292
20019
25302
21604
24886
21124
23154
23057
23354
22588
24668
23668
21366
24440
23890
20061
22143
20409
23133
23839
24245
22636
24409
23738
21051
23577
25618
23650
23209
20821
23528
23339
25408
25444
22223
22437
23015
20223
23514
25306
22246
22824
20418
23169
21965
25042
22279
25025
23753
25374
23226
23973
21264
22517
23533
20338
20704
22540
20435
21533
25030
22496
22518
23408
21903
24929
23186
20458
25590
24105
21391
25190
25540
20097
22205
22348
21770
24870
22955
20979
24064
20563
21000
22718
22333
24126
23570
20679
23567
25348
22039
21708
23638
24398
23139
24769
21951
23386
20782
20345
25407
22930
22220
20272
21325
21644
22602
21002
20413
21367
22836
23427
22024
20017
20391
23352
22695
22594
21912
22964
20808
25225
22546
20085
21189
24233
24978
22035
24952
25297
22057
21220
21917
24237
22326
25110
24090
22659
24723
21565
25106
22916
22584
22218
25188
20203
24921
23997
25031
23539
21853
22694
21392
21536
21872
25333
21136
22858
21829
20328
20942
24173
20513
25194
23016
20011
25134
22391
25020
20509
20978
21595
22007
20685
22566
20642
24743
21895
21186
23961
22148
21140
24782
24033
20477
24718
24993
23261
21827
21667
21721
20522
22965
22269
20367
20741
20231
20096
21535
22432
25591
25015
22805
22702
21460
21301
21396
20082
22180
21676
22175
22454
24556
25079
20167
24168
23472
21499
25304
24679
23320
23886
20713
23729
25022
21481
21424
20757
21599
20775
21795
22839
21212
22245
25428
25433
21458
20116
23816
22276
23891
21473
23836
24504
22637
20943
25123
25349
20356
20858
21800
21622
22910
23920
21040
23727
23948
20575
22418
21129
23949
20864
24685
24924
22157
24344
21559
25652
24948
22843
21647
20929
22425
23235
22931
24943
20511
20908
25262
23671
25564
20462
20805
23009
24048
22494
22920
22499
25489
22687
20768
20443
21652
21375
22905
20375
21982
24615
24794
21211
20702
22878
22121
21584
24922
21230
21603
20852
20178
21075
24724
23625
21793
22127
21508
21704
22381
25322
21359
22617
24835
20576
22431
24264
22848
23165
24840
22017
21712
24532
21363
24369
22270
22947
21305
20573
25204
23298
22673
21450
21449
21384
25593
21787
20299
24043
23066
23499
21096
20499
24555
21159
22040
25463
24282
20386
21842
24273
22318
25047
25495
23249
20664
24365
24915
20845
21632
23474
24114
21302
24770
21213
24271
23077
24152
25199
24845
20119
23728
25522
25017
22398
25191
21609
20190
23211
23616
21445
22064
22016
21487
24232
20689
21654
20058
21765
22119
22449
25202
22899
22321
23099
20122
23899
23501
22259
22048
22861
21963
24125
20914
24213
23529
22902
25425
22128
23194
21868
22086
22182
20753
24759
23984
22405
25430
24494
25397
22285
22075
20379
25641
20163
23829
21248
25128
24592
25570
23118
24159
20891
21083
22150
24131
21430
24390
21406
24987
20810
25386
22306
23521
22314
22396
20363
24046
24432
20214
24693
23734
22760
23060
22335
21717
25339
22165
23426
21740
25267
22634
22433
23813
22570
23430
25098
25255
23215
21592
25084
24392
23476
23759
22305
23872
25163
25544
21995
23916
24708
23770
24435
21293
23783
23745
24480
20538
20726
23742
21463
20169
22591
24935
25089
23583
22201
23135
25568
24165
25011
21648
20764
25115
23566
23760
24690
22992
21865
23481
21825
21453
24675
23429
23308
20720
25209
23038
22663
24088
22079
23557
25010
25505
22471
25369
22926
24077
20219
23252
25611
21258
23061
21911
21179
22480
24157
21930
20446
22267
23028
20558
22508
21268
20641
22533
25132
23033
24584
23047
21054
25352
22913
24299
24334
23382
23862
20248
22323
23332
22720
23104
22362
22936
20974
20505
22589
21858
21922
24322
25243
24300
24354
23365
20934
21856
25157
22816
22799
23068
25638
23406
23978
23271
22711
21866
21429
22141
20639
20518
22005
21840
23020
25234
20173
22258
20062
23174
20410
21080
20882
20877
23919
21191
23556
25344
22023
20695
22168
24397
22847
21480
22289
20378
24958
21336
22382
25131
21365
23860
23362
25081
21113
23065
20812
23951
21335
25290
22227
21864
23726
21004
21100
21768
25257
22065
23264
22304
22204
21703
20568
23793
22563
20571
20216
24525
23854
22622
20400
20369
23673
24891
25227
20842
22091
24487
21752
25019
20209
25319
21803
20246
20569
24275
24526
20776
21345
24032
23794
23136
24377
22308
21190
23589
22448
22732
24394
22882
25452
21760
25323
20982
21114
20074
24744
23525
24056
22989
22523
23880
22632
22576
23456
22464
22193
20994
21741
20497
24643
23072
20094
25301
23212
24227
24279
21557
25336
21884
22811
20861
22796
24270
21172
20581
25521
25458
25248
23149
23902
21653
24910
20416
23792
20758
20366
20836
23457
20417
21138
23591
24895
22627
22152
24019
24345
24637
25423
23967
20597
23887
23994
22457
25309
20387
21552
21327
20320
22002
22525
22029
24773
20643
24559
21467
23092
24489
24082
25141
22068
21237
21586
25436
23162
24677
24379
21478
25576
22869
22801
24260
20016
20341
20823
20280
23349
21322
23679
25052
21469
20747
20133
23167
22256
21689
23909
22933
23450
23490
21596
23874
23861
22117
20578
22067
21048
21282
25493
22299
21006
22826
23751
23878
23796
21849
23544
23935
23279
24221
23059
21193
20279
20332
24836
25467
20527
24764
23039
21011
24995
21250
21202
22581
22102
24416
20638
21790
22422
20243
25559
25142
20004
22190
21519
24696
22055
22791
21183
23381
21003
24242
24557
24016
20887
21838
23982
25055
20066
24445
22740
25672
25371
22582
21465
22723
25426
23143
20013
25389
24141
24871
25634
21594
24652
21086
22192
22089
23507
25378
25232
23663
20629
24384
21456
21509
25612
23657
21846
20421
23275
21569
23043
24554
20229
23156
20479
25338
23351
25223
21916
20621
21910
21141
23185
25152
21009
21188
23684
22948
23225
20196
23189
21547
21173
24813
24188
22364
22751
21515
22019
20031
23254
22973
21294
22280
24521
24705
25242
22797
23942
20827
25122
25599
22997
20001
22683
24134
24681
21203
21983
21540
24452
20692
20634
23336
20973
25166
23681
24890
21228
23709
22502
20711
23363
21702
20767
22011
21904
21907
22742
23042
22238
20524
25210
24338
25050
25075
21663
24479
25584
25648
23848
20640
21564
23754
21696
21719
24640
21730
22536
20743
20121
21341
24477
22336
22999
22590
23199
22940
23988
21020
20451
25476
21781
25630
20903
24426
24711
22834
23512
23044
21397
20981
22060
21116
24505
23655
24562
25218
21142
20297
20351
24739
24841
20866
20310
24421
23947
23459
23001
24745
25200
24931
20009
20092
22745
25145
20140
24062
22573
20474
20029
24894
20813
23609
22371
21498
22403
20633
20921
21988
20632
21155
20760
20454
21483
25498
22082
25219
24746
21786
20927
25270
23824
24629
24742
23260
21589
23241
23375
21127
24816
20604
24106
22593
21319
25077
20583
24176
23639
23661
23295
24848
20260
25080
20668
24194
20115
21672
24633
23970
23896
22059
22156
22935
20850
21734
21102
24455
25665
21848
23781
22652
25018
21692
22076
22112
23063
22548
20212
21855
22549
24821
21283
24238
23237
22840
20489
21841
24963
23473
23384
22600
23130
23931
22394
20786
20393
20521
24937
21742
24831
24262
25404
24375
21623
25605
24376
22250
23293
24289
23958
22374
24225
25036
25041
24481
24787
22301
21045
20398
25617
22922
22504
22960
21664
23357
20142
22385
23409
24003
22479
24180
24449
23787
24885
22459
21610
23310
24226
20255
24325
23645
23791
21180
20947
25556
24258
24223
20543
25625
20766
22625
23276
22879
21052
24564
21139
24876
24898
24314
22296
21743
22361
23811
24296
22287
20853
20493
21098
21393
24015
22515
24439
20512
21539
21168
23109
21684
20986
25298
23835
22070
21240
20839
24491
24814
23417
25175
24065
20915
22842
20624
20233
23428
23923
24281
25655
21299
24020
20940
22436
21914
22792
23410
21043
25195
22587
24817
22649
20676
25258
21674
21886
23107
24347
22776
23198
20238
23396
21686
24960
23785
22956
20118
24754
25532
22426
23969
23110
23568
21437
24709
22237
21092
21798
23062
21153
20071
23048
22807
21693
23772
23010
20954
24893
23873
21036
20987
23722
22881
22354
22125
23055
22401
21645
23159
22173
24310
23937
25324
21422
23743
21395
22629
23530
24128
22939
23740
25135
24459
20309
22107
24287
23388
23665
21605
23412
23330
23184
23670
25254
22463
21126
23188
24510
20315
23766
20199
22844
20143
23303
24198
21360
24102
20024
20724
25293
21147
22845
23692
21443
21106
21832
22129
24098
24053
23335
24418
25228
24303
21207
22574
23621
25260
25009
22835
24982
21837
24853
23511
24364
25485
25589
22597
22328
23628
22466
25139
21899
25449
25519
22821
25659
23987
21802
22472
24383
22423
20989
24434
21309
24732
24985
21271
21967
24076
20281
20886
24781
20312
22134
24991
20111
23641
21714
22866
20860
25534
23462
20461
24920
25069
21659
20948
21063
20373
20131
21529
20612
24548
22380
25561
21680
20069
22707
23894
20265
23950
23413
20562
21510
20188
22857
20414
23667
23106
24470
24478
21315
24367
21843
23585
21582
25535
23702
23172
25320
23341
20049
22510
24702
25117
22909
20245
23827
23513
23562
24518
21928
23129
24438
21639
24071
20564
21525
24100
25051
21573
25039
22038
23027
24591
23962
25116
25390
20104
22144
23959
24657
24111
24689
20542
20841
24517
25274
24061
21769
24405
24097
22621
22211
24083
22484
22241
23910
20491
24234
23301
23460
20703
25400
25114
25383
20286
20832
21754
21607
21314
21244
25446
20822
22028
24825
21921
23749
21118
25096
23405
24110
21131
23380
23379
23723
22092
23257
23915
22217
23889
23051
20432
20060
25201
22785
23610
21558
23564
24403
24278
24466
20654
21046
23633
22233
23180
23782
20103
23168
25335
21062
23617
21969
25064
21262
21996
22340
22990
22136
22775
24246
23881
22780
20405
23730
20151
21713
20665
25606
25592
22226
21759
20909
23120
22282
21845
23755
24672
24946
21690
23397
22575
20580
23134
25109
23207
24428
23789
25635
22138
20322
24463
24389
21890
25179
24802
21591
23856
22606
21370
20894
20849
20740
24514
20138
20182
20076
23713
20086
23267
24613
20207
20917
22249
20613
25180
25337
21725
23903
20420
23492
22959
21929
24969
21560
23002
25358
23934
22809
23968
21651
24738
23682
21247
22618
23439
21145
25316
24208
21683
20171
21216
22782
24143
24158
24932
20045
20874
20787
25669
24926
22413
25286
23964
21625
21701
24120
22761
24117
23993
25283
24608
24509
20798
23075
21735
21162
25671
20588
23345
24488
23112
21694
20795
20599
20473
25127
20326
21447
25172
24838
23328
21024
25040
20267
22914
24627
20218
22085
21399
22763
22996
21015
21812
24012
24783
24979
22701
21608
24617
23697
22519
22404
24499
23680
22351
25095
25006
21423
24780
20918
23455
23535
25539
23823
22503
23575
22275
25574
21343
24611
25140
22482
20833
25623
25060
24827
20444
21037
21763
21874
24239
24382
20048
22743
22703
24066
23956
24320
20911
24541
25216
24422
23006
25502
21156
22598
25585
22191
20153
25314
22330
24851
24912
22556
21544
21520
21780
25183
20816
24034
24429
23216
23369
22485
21353
20627
21957
25341
25595
24573
25437
21225
21834
24035
22891
25406
21826
24534
21814
21471
24599
21161
24400
24468
21517
22988
23219
24336
23073
23703
22356
24380
22586
22063
22722
21627
24210
20089
22412
25178
22044
22904
22550
25465
20625
22662
25300
23779
22229
24563
24160
22697
21809
23011
21562
24897
24986
21031
23170
23438
22871
25044
22372
20751
22012
22283
24950
20932
21254
22541
20771
23021
24721
25307
25537
20389
25120
24595
22744
23377
20208
20284
25113
23453
22747
21946
24779
21778
20859
23230
20156
21588
25361
23385
21933
20763
20717
22971
21349
22873
24697
24728
22109
21636
22568
23859
20388
24646
23537
20707
23696
20157
25165
21078
22363
21398
22202
22623
24386
24887
23875
22319
24778
25206
21585
24005
24332
22230
25456
23285
20856
24235
22559
21548
20450
22378
24651
22294
21263
21028
22507
23571
21782
23895
22795
20095
23089
20515
23175
20098
24298
21296
25092
21205
23502
22020
20452
20848
23858
23963
21660
20901
21457
23054
24791
25318
24153
21291
21251
20064
22512
21813
21960
20804
23834
23718
20733
20792
24740
21612
24500
23799
20756
22073
20486
25308
24144
22424
20054
22561
21039
24107
25276
20147
23404
23300
22045
23463
20377
24129
21260
21352
20050
22417
23647
21280
20080
22825
24673
21616
22923
23402
21810
22892
24293
22231
24231
20241
21681
22762
22187
22195
25100
24983
23319
23674
22137
24263
24908
23286
21208
23117
20797
20896
20412
24941
21117
21099
23470
25137
24553
22656
22976
20761
21410
21979
25167
20862
25231
20585
20609
22522
24328
23195
23855
23090
22648
23444
24636
25331
21415
20867
22189
22553
25468
25562
25103
22327
22758
25656
25642
20626
22339
23797
20100
23443
24240
22477
25494
24067
20448
24427
21023
22671
25543
25631
21755
22872
20990
24614
20496
21570
24918
24855
22631
21253
20025
21531
23739
21187
22779
23790
24041
24618
25087
21880
22481
21344
20371
25185
23720
24692
25581
21297
22633
20123
22786
21514
21831
24292
25388
25156
23004
21379
21338
20329
23844
24850
22698
24839
20745
25419
23991
21074
21601
24571
21226
25395
23912
24762
25464
23707
20352
21093
23762
21459
24006
20913
22771
25198
25616
23485
21665
24277
21199
25062
25588
21737
20445
23256
21351
22532
24865
25282
23366
21972
25288
22132
20419
21414
21688
22823
22050
20523
23142
22051
25490
24832
22307
25654
24844
23600
23488
21715
22036
21926
20198
20308
24962
22142
22803
23233
20928
24261
23158
21746
20590
24803
23326
25459
22851
25392
23800
20653
20037
21307
24407
23541
22980
21859
20384
23850
22183
24502
25246
24476
20277
24666
23441
21936
20596
21442
23578
20589
23111
22379
24174
24566
21362
22887
21938
20579
25315
23058
22469
23432
21163
21342
24442
25377
22004
21679
22644
24078
25078
23554
24626
20878
21394
24309
25507
24412
24680
20552
21698
20967
25480
25472
25563
24291
23714
25518
24901
23383
21323
23178
21371
21962
23217
20655
25368
24406
24037
21014
23547
20109
22104
25533
20865
21700
22900
20650
21101
23605
22345
25541
25245
21546
23922
23025
25014
22752
21784
21876
25523
21934
21959
25653
25636
21058
24565
21950
21643
23995
22545
22188
22815
22221
20737
22312
23604
25478
21744
20835
21192
21788
23346
23691
21470
23263
20247
21792
24846
20802
20026
25451
20652
22101
24537
21194
25207
22949
23517
22365
21954
23495
21272
23659
24601
23898
21426
23981
20545
24417
23546
21773
24671
23126
20951
22135
25327
21541
25182
23344
24877
22716
21320
21095
21013
21049
25601
20067
23925
25208
25435
21306
24796
22927
20671
25645
21981
23425
25136
21261
20425
25149
23675
22729
21227
24069
22765
23989
21556
23689
20083
20520
24776
21695
23748
20453
22664
21181
24688
24719
24947
20778
23695
23918
25619
25350
24750
23503
21060
22123
21857
21819
23475
24884
20148
24021
20844
20185
20933
25252
23669
24735
21029
22753
20875
24094
23636
20051
20506
21413
20829
20195
22818
24737
24302
24540
24388
25261
20301
23358
20307
22734
23710
21937
20160
24545
20710
22447
25340
23592
23548
23458
22654
20956
22015
21649
24645
20969
22646
20394
21860
25545
22000
23818
22951
20749
21783
21824
23091
21523
22596
23289
24625
21861
25603
24340
24857
20053
24257
22918
21753
24905
23036
20623
22876
25442
23634
22558
22370
24528
25578
25186
21731
20762
25566
25119
20730
22526
20215
24177
21545
20467
23622
21026
22487
23871
24830
22630
20582
25551
21491
25269
24896
25469
21357
22163
22952
25663
20263
22069
20043
22967
25076
24461
24308
25613
22407
24951
22854
22186
25429
20593
21580
20847
24441
25203
21091
25003
23259
20950
22528
22820
20201
20800
23911
20184
23245
20536
22284
20176
21492
25557
22411
24051
21878
24863
23882
24415
25347
24655
25515
23014
20361
24953
23324
23153
21284
25506
25644
24355
22924
24149
20102
22090
23954
20645
24313
21318
24972
20222
20880
22047
20503
24453
20296
23721
24411
23116
22286
24274
21673
24307
22543
20101
24497
21236
23596
21076
24598
20364
23179
21477
24230
24522
22176
24200
21657
21339
22446
21257
21378
24346
22524
24579
20289
22511
23907
22162
20192
20554
24127
21729
22242
24042
21438
21085
23974
20478
21913
22097
20752
21629
24414
20404
22520
20769
20463
20605
25643
22863
21298
20193
20285
24586
21877
20912
21836
25292
21082
23560
22870
21489
20065
23814
23763
21333
20501
22677
23656
21537
20557
25362
20202
22674
20931
20659
23148
22535
22571
24447
24519
20871
23908
24826
20533
20809
25604
22724
20884
21373
25620
21107
24516
24600
21215
22614
20669
22414
22139
21160
21835
22888
22607
22832
21088
24266
24323
22985
20468
20194
23193
22056
24533
21817
21854
20863
20287
24654
21218
24124
24316
21889
23423
21404
23240
23067
24765
25230
24036
25313
20682
24151
21774
22164
21748
24399
20436
20191
24192
24189
20039
22529
22224
23171
21898
22271
23431
23150
24419
21736
23480
23032
20273
22234
25360
23900
22158
22925
20189
24775
23022
20910
20530
24616
23333
20803
21018
24373
25235
21887
23852
24204
21705
20781
22755
22709
20406
23446
24847
23151
23732
23316
21869
23985
23200
23694
20174
21111
23509
23998
21631
23421
24888
21816
25512
24014
22962
24650
21745
20262
24767
24055
24659
25121
20998
23008
23078
20701
22037
24539
20302
21109
22928
22998
20606
21123
21628
24222
25526
22197
25356
20021
22255
23318
22031
21502
20063
22488
25263
24362
20657
24860
23932
23214
25381
21646
22014
21905
24933
22610
24052
24976
22310
25492
25602
22375
20161
25153
24710
22410
24777
22978
20014
20610
20331
22236
23632
20028
23795
22800
21165
24017
20498
22196
20541
22638
21388
24990
25037
20514
23771
21245
23270
24939
23701
23678
20099
23467
22783
23611
20666
24349
25579
20656
25367
20755
22170
22544
24186
24784
21451
21235
24842
21108
25250
25583
23699
24634
21221
21571
20774
23990
24101
24820
22748
24786
25090
23643
20904
21276
23843
24075
24774
20154
23975
21484
21522
25280
23828
22247
24030
25550
23449
22465
21598
21201
22500
23580
21691
21390
20316
24333
22106
23401
24572
23448
22975
22010
20340
20348
23825
25409
21534
25667
20594
20677
25066
21669
20957
24959
24828
23484
20646
20392
22026
23870
22856
21739
20949
24138
24596
24593
22670
24259
24456
21198
23231
22018
23849
23704
23774
21506
24045
21461
22474
24317
23489
21617
20691
22884
21615
24145
22640
20124
22565
22619
23145
23278
23343
20290
25054
24594
21900
20426
21238
24353
24824
23049
21380
22885
22215
20779
24288
24687
22395
24366
23424
23906
23342
25028
25475
20397
23615
20068
24667
23046
22696
23269
24217
22153
25414
23416
24822
23979
24535
25222
23494
23644
23064
23203
22603
24084
20002
22554
25461
23348
23945
23371
20565
21274
25622
23532
25247
20637
22253
25177
22806
25107
22009
23664
22994
25061
22332
24560
24350
22264
21940
22406
20264
22770
20716
21329
20728
23309
24605
25296
21281
23565
21986
25582
21223
25366
20166
20430
24849
23451
24621
22678
21328
20815
21243
20772
21061
23938
21184
20631
25373
25632
21196
23629
23052
24536
24806
22251
20077
21505
24511
22303
24112
25484
20885
22505
21722
23315
24009
24904
21716
20592
23725
22389
22943
20342
22706
25577
23924
22828
22353
20487
22736
21844
24874
20516
21949
21553
22681
23393
22419
20846
24247
24330
23102
22995
24798
25384
24140
24351
20725
25477
20952
22668
23034
20801
20970
24424
20155
20783
25303
21151
25130
20078
24058
20684
23282
21027
20084
22849
20485
22166
25554
24150
25538
21678
23163
24684
24372
24940
25317
25462
20460
21356
25455
20528
22440
25447
21374
21807
24988
21767
22699
20227
24938
24549
21602
23966
21923
25299
20843
22958
25418
24576
24283
20723
22950
20469
20006
21432
24977
20401
21579
24482
21543
24465
24109
23706
22539
24981
21901
25668
20298
23573
20126
20022
20945
25021
22883
23876
20249
25013
21990
23594
20876
22684
22003
25571
24000
20355
20495
20041
22441
25058
22966
23590
21775
20630
24092
25363
25525
24212
21239
21400
23202
22937
25238
20765
20826
22313
21175
24086
24342
23840
24674
24911
22161
23807
20114
20349
25394
25329
25279
20252
22789
25196
24694
20141
22444
23724
24004
20611
22647
20729
22368
23141
24013
24404
21368
20034
24211
20334
24171
24736
22527
24118
21334
22680
22203
20256
20368
20390
21977
20360
24423
25531
20793
21409
23071
22790
22450
23812
22831
20939
21321
24899
20955
23206
22387
25071
25664
20110
24028
24726
22712
23478
24758
25491
24483
25184
22613
21699
25615
21377
21488
21064
23803
22531
21104
21927
24305
23708
21576
24942
24002
20294
20944
22291
24622
25365
20023
21799
25241
24875
25445
20734
25187
20129
25427
25334
21452
22889
24797
23865
23561
24276
22455
20087
23224
24181
20127
22643
22293
20719
21311
25192
20271
23901
24704
24512
25112
24965
21666
23798
23173
24530
23482
22297
20906
24467
25342
21723
21987
25159
25393
22972
24580
23277
22691
21077
24811
22108
25431
22160
25083
23607
20532
21103
22489
20920
24994
20881
21385
22802
24219
25173
20395
23220
20672
21316
21439
22054
20228
24837
21300
25649
25504
25287
22731
24255
22497
22957
20317
20834
23846
20819
22725
20318
25558
23637
21635
20824
25214
23419
20440
23114
24715
23586
20292
24164
21776
23088
23177
22841
22212
23392
23612
20107
22151
22822
24698
22757
23549
23606
22392
23302
24955
24475
21893
22103
24755
23086
20333
21820
23087
21120
20900
23690
22868
24436
23526
22384
20674
21206
24060
21851
22838
21034
25305
21555
23602
24578
20047
24024
24290
20586
21466
22093
20015
23536
24923
22764
22066
22572
25176
24446
20213
23364
21885
23103
21278
25049
25224
23631
20480
21066
24050
21516
21850
22557
20357
24057
20003
21358
21707
20660
20152
24889
21332
23146
20870
20549
24661
20288
21511
20617
22661
21976
24570
24577
20895
24137
20936
24265
22766
24569
20422
21567
20735
25587
25005
23187
21978
24527
22982
20962
22088
23815
23879
20008
24635
20257
22495
21115
22774
25215
22200
24155
22907
20744
23317
24241
23304
21219
24609
23005
21801
21490
23147
22611
22034
20027
23327
23024
24178
24122
20548
20319
24542
21873
20470
24538
20181
20137
22756
21059
20675
21170
25547
23238
21621
21710
22352
21980
22240
20788
22281
24833
21804
24748
23164
23778
25104
23519
25364
23056
21313
20150
23921
20667
24989
24123
24756
24147
23493
24691
25405
21992
22728
21132
21185
23411
21290
24269
22867
24161
21436
20403
20946
25637
22682
25443
25370
22369
20242
22672
22388
25085
20330
20177
22409
22061
23218
24944
20465
24575
24185
21883
25074
22986
22344
20851
22159
24010
23436
25639
20408
23395
24529
21993
24648
24882
20158
24664
21072
23534
24040
25420
20381
23892
24701
20291
23100
25259
21830
20647
20471
21685
23649
25197
20325
24361
20907
22435
22772
22025
22239
20172
21431
20925
24795
22438
21446
23977
20681
21474
20526
24585
24443
23773
24862
22366
25536
20145
21882
20620
21482
21806
21242
20010
23372
23819
21267
24567
24970
25233
22087
21464
21401
10515
10435
10831
10040
11673
11627
11349
10100
11301
11110
10041
11604
10678
11033
10253
11341
11388
10858
10944
10149
11395
10395
10470
10254
10465
10650
10233
11300
11101
10630
10104
10089
11352
10587
10033
10449
10348
11285
10554
11060
10925
11511
11516
10990
11042
10513
10729
10475
11632
11275
10768
11682
10556
11169
11495
10555
10488
11496
11192
11318
10510
10207
11252
10777
11001
11416
10541
11458
10860
11313
10912
10005
10303
10332
10826
11134
11556
10661
10296
10478
11331
11000
10399
10155
11113
10949
10222
10070
11493
11621
11652
11155
10060
10676
10535
10198
10247
10030
10246
10592
10401
11492
10094
10772
11662
11071
10880
11308
10785
10940
10151
10614
11558
10847
10671
10177
10287
10169
11596
11389
11552
10884
11058
11518
10099
10613
11150
10140
10257
10946
10983
11191
10993
10417
11358
10663
10546
10844
10980
10873
11220
10328
11170
10974
10503
11197
10450
11494
10825
11077
10276
11438
11498
11567
10658
10392
10423
10727
10999
11149
11660
11435
11456
10920
11571
11669
11647
11045
10805
11240
10599
11384
11156
11544
10309
11022
10263
11425
10424
10219
10741
10248
10271
11161
10677
11590
10667
10501
10096
11011
11319
10301
10353
10685
11288
10077
10865
10098
11651
10795
10123
11404
11200
11323
10106
11253
10783
10440
10490
11053
11483
10792
11622
10633
10019
10616
10003
10087
10057
11249
11003
11090
10948
10970
10968
10493
11144
11592
11266
10878
10837
11345
10405
11560
10305
10890
11582
11184
11163
10763
10580
11204
10787
11393
10982
11489
10418
10306
11610
10141
10425
10852
11216
10031
10903
10298
11480
11385
10639
11069
10227
11520
10112
10079
10780
10324
11333
11532
10699
10370
10229
10571
11193
11414
11047
10256
10871
10368
10036
11277
11641
10973
10864
10135
11205
10282
11223
10957
10640
10173
11444
10495
11685
11131
11383
11122
10926
10213
10134
11399
10356
10829
10516
10781
11534
10720
10398
11178
10121
10821
10329
10977
10876
11081
11290
10895
11268
10958
11519
10454
10857
10056
10206
10945
11181
11461
10237
10472
10778
11423
11106
10689
11050
11256
11541
11343
10509
10292
11575
10578
10078
11175
10773
10239
11684
11386
10935
10789
11548
10404
11201
11098
10862
11359
10165
11062
10602
10518
10046
11281
10648
11129
10644
10664
11482
11375
11064
10807
10289
10815
10456
10615
10705
10446
10419
11316
11054
11046
10190
11436
10167
10017
11535
10756
10793
11133
11469
10598
11302
11261
11443
11217
11465
10799
10062
11524
10342
11289
10126
11655
10064
10115
10345
10550
10069
11272
11097
10474
11215
10270
10295
10819
10075
11572
11146
11587
11618
10897
11229
10942
11315
10794
11406
11279
11126
11626
11413
10371
10268
10694
10358
11455
10838
10434
10377
11497
10726
10753
10234
10249
10786
10262
11189
11085
10211
11597
10813
11258
10508
10904
11650
11241
10238
10137
10565
10186
10560
10832
10390
11160
11328
10539
11068
10304
10082
10026
10520
10205
11540
10074
10043
10437
10265
10101
10734
10962
10146
10413
11415
11142
11262
10606
10707
10209
10651
10514
10489
11392
10645
11526
11356
10662
11344
11671
11063
10961
11570
11467
10310
10548
10336
10110
11115
10397
11475
10517
10975
10875
11446
10757
10130
10050
10011
10505
10711
10373
10024
10415
11658
10820
11508
11020
10459
10558
10917
10191
10369
10549
10954
10951
10150
10241
10929
11525
11585
10145
11095
10218
10812
10111
11213
10119
10047
10866
10010
10389
10956
10855
10273
10854
10426
10532
10775
10421
10669
11504
10194
10117
11320
11365
11643
10251
11296
11418
11009
10959
10156
11273
10143
10340
11031
11522
10586
11087
11295
10635
10471
10817
11324
10327
11499
10001
10189
10178
11029
10788
11048
10717
10431
10225
10684
10081
10293
10242
11361
10672
10619
11677
10210
11670
11130
10176
11265
10765
10703
11143
10252
10524
11340
10593
10093
10058
10408
11187
10330
10552
10943
10422
10443
10374
11452
11307
11382
11390
10728
10378
11484
10693
11680
10758
11164
10918
10299
11598
10636
11304
10158
11123
11283
10621
10696
11005
10059
11631
10776
11381
11398
11439
10504
10108
11334
10154
10641
10067
11043
10845
11509
10436
10751
11451
11460
10020
10907
10583
10591
11665
11091
10376
10351
11076
10032
10887
11620
10461
10824
11378
10343
10802
10564
11557
10215
10034
10162
10054
10267
11470
11442
10193
11353
10199
10811
10712
10180
11055
10798
10701
10576
10928
11545
10467
10964
10572
11051
10939
10710
11663
11280
10594
11573
11052
10334
10120
10523
10656
10457
10447
10840
11360
11396
10243
10950
11276
10015
11638
10416
11477
10109
11292
10675
11196
11264
11007
10102
10220
10132
10690
10511
11321
10834
10941
11225
10333
10536
10297
10823
10861
10224
11211
11578
11274
11105
10702
10987
11642
10320
10066
11420
10483
10713
10545
10317
11374
10521
11561
10192
10745
11038
10892
11236
10971
11242
10231
10228
11654
10028
11629
11422
11476
11553
10448
11633
10673
10637
11294
10460
10653
11616
11487
10533
11190
11284
10733
11138
11547
11305
10316
11429
10528
10749
10842
10013
10760
11026
10136
10259
11041
10381
10364
11027
11683
10924
10366
11235
11351
10923
10016
11667
10285
11135
10752
10200
11645
10538
10967
11221
10610
11141
10683
10290
10164
10985
11603
10086
10595
10889
10124
10349
10160
10357
10955
10455
11028
11410
10779
11239
10529
11137
10896
11491
10582
10833
11004
10732
10870
10339
11152
11107
11595
11124
10468
11317
11336
11263
10142
10828
11614
11615
11293
10161
10601
10843
10195
10902
10097
10585
10934
11514
10608
10159
11019
11686
11218
11589
10302
11208
10127
10646
10988
10382
10414
10744
11024
11238
10969
10500
10502
10009
11440
11419
10507
10649
10735
11588
10659
10315
10697
10281
10771
11363
11167
11580
10129
10463
10250
10850
11447
11488
10288
10118
11350
10122
10647
11348
11346
11584
10379
10714
10827
10622
11569
11412
10774
11166
11644
10255
11432
11628
11165
10579
11521
11148
10681
10922
11030
10996
11066
11517
10007
10997
10494
10044
11624
10451
11371
10201
10261
10486
11401
11448
10822
11157
11583
10743
11659
10313
10665
11207
10992
11674
11206
10868
10806
10084
10810
10567
11445
10573
10386
11093
11639
11067
10291
10883
10542
11473
11602
10626
10391
11566
11049
11291
11503
10668
11579
10487
10566
10894
10816
10725
10553
11479
10655
10352
11636
10782
11397
10230
10153
11094
10543
10139
11092
11257
10769
10307
11227
11057
11357
10264
10402
10715
11032
10740
10174
11151
11312
11332
11347
11012
11342
10911
11608
11103
10042
10023
10354
10125
11070
11505
11354
11112
11474
10217
10909
10932
10245
11079
10400
11368
11485
10933
11462
11675
10411
11426
10885
10522
10073
11339
11073
11537
10279
11121
11159
10314
10722
11466
10441
10960
11457
10452
11259
10534
11453
10226
10687
11251
11648
11574
11609
11271
10979
11120
10430
11538
10068
10438
10383
11195
10346
11613
10764
10323
10144
11287
10767
10396
11014
10888
11376
10171
10065
10035
10638
10747
11186
11380
11394
10927
10076
11310
10318
11145
10611
10863
11247
11278
10766
10476
10562
11500
10809
11162
10631
10609
10182
11605
11237
10203
10216
11228
10133
10049
11428
10286
11411
10498
10308
10181
11168
10361
10937
10748
11080
11554
10163
11039
11006
10338
10445
11513
11183
11116
11607
11018
10719
11471
10670
11523
10972
11581
11267
11565
11377
10384
11035
10804
11188
11593
10355
10886
10537
10072
11539
11536
10952
10759
11158
11625
10963
10375
11096
10492
11563
11260
10590
10012
10770
11424
11437
10965
10407
11528
10841
11099
10388
11325
11530
11248
10360
10906
11562
10931
11128
11177
10312
10080
11635
11210
11372
10716
10453
10432
10004
10688
10797
10628
11154
11232
10393
11139
11244
10680
10836
10499
10204
11430
11214
11089
11515
11594
10039
10095
10300
11577
11623
10901
10989
10618
10350
11078
10839
10761
10900
10185
11640
10088
10905
10021
11013
11202
11010
11108
10612
10657
11409
10427
10986
10322
11564
11303
10561
11255
10113
10877
11619
11630
10569
10326
11617
10660
10755
10916
10654
10147
11468
10439
10879
10525
10642
10686
11040
10800
11298
11373
10367
11427
10791
10921
10280
11362
11551
11314
10025
11337
11153
11612
11403
10848
11634
10221
11441
10666
11601
11330
11527
10617
10991
10482
10090
10236
11084
10362
10244
10867
10526
11147
10976
11664
10260
10274
10105
10818
10913
11678
11088
10277
11282
10691
10627
11059
11245
10480
02108
02056
00658
01074
00296
00514
00574
00223
00958
00239
01471
01284
00849
00797
01599
00636
00077
00791
00635
01254
00725
00668
00925
02029
01941
00572
00229
01276
01805
00030
01625
01187
00837
00376
00115
01552
00899
00158
00497
00222
01517
01677
00795
01057
02042
01662
00295
01387
01840
01901
00484
01159
00954
00385
00464
00836
00057
01365
00578
00753
01946
01183
01263
01887
00200
01275
01789
01336
01810
00333
00764
00008
00957
00616
00626
00892
01101
00743
00312
00648
02021
01838
02007
00853
00908
00903
01545
00441
01512
02073
00135
00173
01899
00473
00192
00708
01796
01755
01099
01463
00814
00144
01964
00475
01193
01816
00810
01409
01539
01399
01373
01732
00825
00368
01634
01362
01529
01416
01546
01467
01877
00091
00948
00393
01736
01734
02004
01291
00062
00241
01747
01339
00309
00566
01167
01907
01454
01953
01685
00819
01829
00523
00281
00607
00960
00829
00134
02093
00555
01865
00031
01487
00413
02011
01410
01620
00317
01934
01785
01281
00538
01136
01746
01938
00770
00918
01583
01533
00232
00381
01983
00591
01753
00643
01524
00839
00867
00336
00897
00467
01324
00702
01619
00896
00430
00927
01175
02024
01644
00554
01568
01744
01689
00707
02003
00390
00453
01652
01826
01485
00218
00852
01960
00019
00485
01436
00215
00153
01629
01954
01737
01299
00910
00002
00652
00901
01483
01602
01627
00033
01711
01976
00291
01637
01270
02037
02089
01044
00629
00054
01241
01393
00972
01105
01984
00267
01323
02136
00316
01130
01990
00276
01928
00625
01523
00406
01198
01514
01321
01850
01569
00347
00301
02000
01697
02103
01003
00140
00488
00177
01589
00310
02087
01019
01056
01481
02049
00790
01773
00589
00148
00530
01665
00257
00319
01493
00079
01154
01313
00879
02009
01142
00334
00225
00644
00439
01774
01402
01643
01306
00066
00974
00387
00209
01541
01024
00454
00160
00321
01423
00053
00131
00059
01207
00349
01841
00246
00579
00877
00099
01780
00868
00216
01115
00738
00429
00684
00350
00536
02133
01470
01581
00162
00768
00212
01397
02114
00401
01353
01926
00997
01775
00875
00477
00603
00992
01519
00086
01385
00275
00476
01757
01994
00114
01681
00881
00332
02088
00351
00563
00778
00882
00483
00780
00426
01296
01405
00714
01799
00356
00796
00342
00254
00909
01538
00480
01352
00531
01853
01809
01823
00679
01600
01715
01555
00187
00943
02065
01561
00663
00807
01955
01144
00370
00998
00042
00677
00865
01509
00742
01836
01290
00851
01316
00975
00035
01169
01658
00885
00261
01549
00570
00151
01374
00365
01293
01793
01378
02040
00014
00608
02072
00331
00741
00699
01852
01612
01592
00298
00756
01412
01982
00630
00491
01571
01327
01942
00286
00438
01819
01104
00828
00506
01733
01149
00380
00584
01492
00840
00179
01458
01624
00285
00510
00562
00237
01897
00639
00242
01670
00920
01830
00020
00772
01367
00831
00747
00060
01466
00720
01579
02019
00318
00953
00817
01121
01522
01547
00304
01300
00581
00262
01235
01249
01945
00615
01835
02068
01745
01586
00495
01598
01905
01438
01222
00666
02098
00775
00763
00471
00681
01684
01759
00835
01979
01834
00293
00656
00690
00073
00537
00731
00947
01341
01908
00273
01657
00773
01564
01704
00784
00951
00219
01018
01455
00050
00379
00692
01001
00458
01947
00391
02138
00568
01450
01777
00826
00657
01844
01770
01779
00493
00396
01989
02025
01669
01411
01668
00357
00118
02142
00977
00344
00240
00479
01998
00995
00693
01721
00540
01986
00502
01034
01095
01515
01442
01550
00971
02134
01606
01918
00935
01880
00511
01221
00184
01379
01068
00940
00866
01750
00642
01870
00093
00251
01364
01902
00567
01292
00255
02121
01320
01311
00011
00088
00931
00082
00583
00185
01556
00703
01640
00348
01521
01495
01449
01310
01002
01067
01977
01004
00944
00757
00880
00599
01756
00678
01430
01317
02126
00325
00250
01667
01138
00243
01206
02077
00617
01921
00421
01494
00022
00238
01147
00878
02052
01695
00234
00191
01266
01575
00595
02122
01507
00102
00706
01857
01804
00887
01008
00694
01898
00447
00392
02091
01372
00766
01389
02132
01718
00084
02015
00150
01301
00786
00046
00586
01659
00979
01427
00089
00283
00388
01974
02057
01214
01562
01272
00928
00716
00338
00500
00075
00664
01151
00889
00767
00604
01045
00923
01453
01382
00965
01824
00508
01488
01418
01114
01145
01896
00501
01370
01224
01700
01223
01484
01366
01567
00259
01999
01784
02035
00857
00271
00809
01457
01331
00072
00532
02060
00009
01795
00609
01230
00499
00618
01623
00602
01093
00529
01651
01338
00145
00976
01383
01035
00653
00314
00092
01039
01505
00641
00527
01542
02014
00830
00190
00133
00459
01699
00806
00740
00673
01674
02023
01811
01195
01610
00178
00109
01890
01578
00564
00551
00236
00597
00745
01497
00231
00600
00126
00783
00913
01171
01611
00718
01802
01477
01935
00461
01675
02082
01531
00848
00518
00949
00489
02055
00021
01649
00466
00732
01725
01100
00804
01240
00535
00472
01858
00525
00386
01277
01212
00440
01005
02046
01499
00408
01071
02079
01164
00407
02032
01498
01369
00855
00961
01679
01236
00087
00434
01576
01358
01163
00335
01762
00660
02111
00198
01554
01985
00982
01377
00803
02086
01414
02039
01632
00339
01831
00107
01608
00469
01642
00590
01203
00306
00752
02064
01560
02130
00274
01061
00667
01648
01440
01544
00900
00206
01992
01988
01650
01614
02016
00838
00068
01417
01944
02113
00613
01375
01279
00367
00762
00505
01424
01420
01703
00163
01687
01537
01047
01920
00893
01472
00256
01740
00130
00689
00983
00582
01582
00515
01122
01209
01287
00605
00048
00201
00622
00601
02043
00233
00449
00465
01428
00034
01741
00680
00247
00067
00539
00369
01112
00353
00410
01394
00494
00029
00023
02106
02026
02101
00070
00279
01398
01083
00823
00737
00490
00056
01995
01329
02096
00253
00534
01174
01246
01723
01892
01011
01052
01227
01380
01168
01400
02031
00723
00360
00799
00094
00902
00967
00143
00950
01951
01213
01381
01690
01302
01817
00674
00517
01258
01334
00264
00315
00833
00470
00422
02141
00748
01081
01728
02078
00888
01790
00933
00456
00834
00175
00981
00988
01017
00858
00559
01900
01828
01294
00662
01950
01425
00182
00106
01701
02020
01678
01854
01110
02116
01932
01914
01065
00486
00181
00729
00085
00364
01821
01814
00204
00303
01176
02018
01919
00186
00397
01698
01847
02041
01333
01350
01116
00165
01570
00638
02058
01601
00345
00890
00543
01384
01686
01422
01162
00320
00687
00843
00688
00612
01936
01771
00787
00224
01782
01559
01166
00166
01216
01196
01876
00119
00719
01987
02104
00990
01563
01355
00552
00620
00698
02117
00876
01021
00654
01137
01551
01913
01508
01441
01609
01893
00634
01971
01792
01182
00049
01348
01776
01337
00655
01447
01088
01927
01480
00650
01123
00074
01184
01274
01580
00170
02107
01404
00758
01798
00248
00337
00736
01016
00938
01118
01478
00005
01259
00450
02030
00244
02008
00916
00921
01761
00137
01710
02124
01972
01177
00403
01288
00095
01593
00188
00575
00003
02051
01748
02131
00611
01588
01842
01042
01192
00152
01250
01956
00327
01975
00560
00055
00556
00071
00746
01303
01201
00149
01445
00112
00793
00017
00824
00290
00417
00671
01415
01520
01510
00966
01013
02013
01543
00168
01239
00164
01153
00462
00509
01800
00124
01768
01475
02076
00289
00341
00389
01243
00176
01413
01820
00405
00628
00631
00675
01663
00377
02100
00265
00832
01764
00355
00994
01141
00297
00419
00754
01298
01476
01566
01765
00919
00569
01435
00416
01909
00640
00669
00207
01368
00041
01349
01594
00627
00266
00288
00959
00043
01491
01360
00963
01636
02109
00322
01211
01557
01969
00842
01131
01978
01506
01749
00798
00452
00818
01155
01014
01469
01363
01603
01199
01456
00432
00765
00359
00541
01616
01464
01233
01553
01000
01868
00292
00596
00051
00039
01970
00428
00040
01654
02012
00637
01048
00169
02081
00451
01929
01573
00260
00594
00221
01257
01086
00512
00712
01726
00157
01429
01866
01026
01202
00549
02044
00284
01617
00481
01075
02062
00235
01882
00302
00846
00934
00414
01490
00125
01391
02112
01735
00872
01772
00659
01924
01525
01915
00686
00661
00592
00598
00308
01439
01719
01053
01146
01062
01460
01269
02095
01767
01289
00425
00558
00721
01036
01997
01574
00443
01923
00526
01032
01265
01282
01252
00759
00557
00705
00761
01108
01006
00749
00789
01712
00845
01516
01871
00069
00777
01963
00859
00946
01040
01664
01729
01875
00183
02139
02115
00378
01080
02092
00371
00645
00374
00978
02084
00423
01180
01433
00665
01357
01931
01874
01448
02118
01724
00282
01822
00363
01693
01646
00307
00904
01966
01286
00174
01952
00730
01022
02038
00894
01308
02001
01839
