24166
23128
21164
22300
24551
20938
20402
23630
23504
22032
24913
20165
21871
22592
23097
20007
24725
25387
20295
22277
24550
23069
20276
25542
23716
23552
20519
21999
20347
24385
22078
20857
20892
22456
22350
24727
22302
23037
24588
21727
24900
22181
22721
21130
22733
21527
20046
25160
22886
22915
21389
22934
22116
20556
24809
24454
20070
23768
25211
23040
24059
21084
21572
21998
24011
25251
24284
24229
22781
23750
23355
20300
21071
20139
23262
24294
21902
24506
25016
22793
22788
23094
23869
22309
24130
24975
21030
24641
20278
22750
20777
20561
25481
24001
25070
25624
20179
23540
25212
21677
20968
23976
23353
22021
25174
25486
20977
21822
21462
24658
21105
23830
22514
20693
21671
25310
22429
22006
21372
24852
21421
22360
23758
21177
25086
20838
22578
23191
22665
25662
24547
23340
24927
21593
21661
21233
24799
20081
20731
24038
23913
22941
23095
21337
24054
22667
22912
24507
24761
22206
22993
20385
24215
21670
20442
23053
20275
24172
20476
23831
23399
24087
24757
22749
23847
22266
24203
22124
25124
20170
24902
20383
23108
20187
22641
25434
22114
24182
25487
20687
25330
23229
24485
23904
23822
21942
20694
21932
22808
22274
21577
22475
23715
22288
22859
20872
21068
21550
21044
20712
22232
22713
23986
24135
23243
21166
25046
25650
22685
23905
24805
24686
23155
24063
20507
21762
21496
20030
24249
25253
21167
24974
23538
23550
21997
21600
23672
25033
24371
20897
22827
20044
21771
25555
24971
22341
24843
23468
24457
21961
23012
22342
21204
22608
21974
23223
21989
21255
21195
23250
23096
22626
21581
23454
24741
24321
20399
25181
24604
20799
21764
21387
23933
23841
20607
24992
22777
24437
22773
24949
21815
25256
24146
23394
24430
20830
20916
23373
22970
25169
21953
20492
25264
20963
20353
24381
21128
24662
21633
24568
24867
23127
22077
24248
21246
20314
25450
22908
24699
20635
24089
25496
23653
24183
24167
21122
23360
23888
24280
25628
21994
24026
22492
22490
24788
25012
21668
21566
22222
24431
23121
23838
22329
20555
20018
24339
22509
25067
20270
21870
22877
23747
24807
20706
23313
22896
21919
22688
24444
24859
21501
24132
22738
20335
21317
22298
22074
20073
20780
24370
23452
22320
21761
23414
21618
20079
24335
22174
25516
24253
24250
22043
22311
22837
20759
21047
24387
22903
23685
25072
21931
20658
20937
25500
22473
21304
21090
25281
21197
20235
21055
22969
24148
23213
25441
23329
20303
22963
24722
20343
23266
22830
24815
23019
21229
25171
23545
23376
22428
24543
24272
25633
21789
22569
24503
23957
24961
22257
22754
25403
25205
22579
20784
20984
24108
23939
23686
22155
22700
22254
22628
21012
20574
20673
21348
20959
23826
20601
24793
24866
25647
20953
23222
21416
23579
25150
21575
23864
24251
20785
23992
20722
22049
23683
22604
24462
24644
23161
25295
24285
24458
24007
24967
22001
20628
25657
22642
25608
23842
24574
23927
22542
20814
22210
20090
20696
25226
25161
25004
25266
22071
23334
22461
20584
24450
21007
24909
22639
24665
24018
23101
20992
23325
20088
24678
23196
22416
25553
21110
25385
23239
22897
24883
22442
23735
24663
21726
24729
20718
23719
20553
23972
24747
22462
23642
24716
22022
25346
22898
21021
23007
20840
22894
24834
24224
21624
23045
22710
23508
23572
24008
23936
24858
20305
24523
24191
25239
24751
21308
22893
21738
21209
22769
24760
24917
22263
25510
22645
21554
25144
24464
22373
23731
22415
21259
21486
23131
24612
22397
24631
23717
21256
21640
20337
22214
20636
23940
24546
23652
22605
23234
23208
20433
22577
23418
20093
23098
23192
20434
23802
24142
23144
20042
24331
21295
25312
25474
25162
25164
22292
24244
22984
22946
22268
25189
21019
24104
22359
25517
25221
24660
20525
24583
21405
23347
24581
22324
20700
22273
23205
23646
20811
20960
20831
23085
20670
24216
23251
22199
25147
21174
21968
20923
20475
25610
23138
21330
24121
20868
20168
25524
21503
24187
23070
20721
22635
21032
22278
20854
24286
23387
23593
20510
24590
22977
25422
23437
23273
24730
25575
25193
25376
23777
25597
24733
21182
20572
22675
21512
22315
21158
22784
22118
24956
25457
24957
22167
23581
20211
20033
20661
23883
20234
21475
21065
25598
24812
21326
22062
21178
24881
22730
23531
20117
23618
25411
24493
22145
21958
21574
24256
24023
24810
24490
21025
23132
21757
21590
24752
23466
20350
24589
20396
22041
20056
22334
25151
25111
21001
21578
20439
25032
25000
24954
22013
21485
23029
23253
20688
23105
20186
22537
23543
24624
22853
20980
20690
23338
21224
23003
25614
24472
20040
23693
21563
23356
22880
24254
24670
21973
24792
20926
25609
21135
25470
25572
23210
20346
24413
23082
25569
23403
21521
24623
22942
20380
22453
21137
23817
21428
21097
20966
22219
22133
20715
22216
22746
24925
23601
22938
20879
24359
20972
21369
23698
24096
22177
22932
25311
21611
25093
23960
22467
24819
23651
23897
23712
23582
23255
25586
20134
23176
25651
23524
21583
25345
23359
25391
25158
24968
25038
25355
22347
24906
21711
23125
23469
22042
20200
25097
20415
24297
22458
21881
25026
25513
21637
20500
22027
20890
20251
20738
23648
20680
20930
22290
21005
22402
24999
25396
25448
25073
23559
21894
23284
20539
23420
25294
25275
25658
23518
20036
24081
20889
25101
21287
23323
21966
20748
20327
23435
25399
20204
21133
20105
25552
23867
22243
21146
20266
25438
21402
24236
21277
23820
21833
22852
23929
25594
21706
22154
20020
20502
22875
25343
21867
24341
22486
25229
24766
24170
20727
23433
23398
22981
25024
23775
21587
23479
20825
21056
24763
24524
22767
20941
23221
22737
24410
25053
20559
22521
22430
21504
25527
21720
20225
21766
23833
23294
21542
20993
22008
20935
21444
23201
21945
23576
20232
24495
22501
22468
20072
22726
24139
22615
25640
22612
23183
20649
20075
20622
21892
25483
20898
23244
21925
24930
22669
23246
22194
25027
22483
25520
22741
23746
20790
25398
21791
24175
21828
25351
23306
24620
21112
25503
25416
25272
23415
21964
25029
24049
22704
23030
21440
25380
20902
22100
20965
20457
21947
25357
23765
23031
24091
24156
22317
24544
20651
23083
22895
23292
21285
21613
24047
20019
25302
21604
24886
21124
22272
23057
23354
22588
22248
24668
23668
21366
23890
22143
20697
20409
23839
24245
22636
24409
23738
23035
22235
23635
23577
25618
23650
25501
23209
20821
25408
25444
22223
22437
23015
20223
25306
22246
20964
21526
25042
25025
21448
20750
22399
25374
21495
23226
23390
23973
21264
22046
22517
23533
24136
20338
22540
20435
21533
22496
21634
23408
24929
23186
20458
24105
23041
21391
22833
20531
22580
21770
24870
22955
20979
20149
24064
20563
22679
20038
21000
23522
22718
23570
20679
21708
23638
24398
23139
23236
20162
24769
21951
23603
23386
20345
24393
25407
20272
21325
21644
22602
21002
22538
20413
21367
23427
22024
20017
20391
23352
24823
20466
20032
22695
22594
21912
22964
20808
25225
22546
20085
23520
24978
24952
25297
25661
21220
21917
24720
21479
24237
22326
25110
24090
22659
24723
21565
21383
25106
22584
22218
20203
21382
23997
25031
21073
21053
23539
21853
22694
21392
21536
21872
25333
22445
22325
22858
21829
23676
20942
24173
20513
25194
23016
22585
20011
22979
22391
25020
24829
22890
20509
20978
23197
22007
22566
24301
24520
20642
24743
21895
23613
21186
23961
21140
24782
24033
24718
24993
23261
21827
21667
21721
24074
20522
22269
20367
20741
23598
20231
20096
24945
21535
22432
25591
25015
22805
22702
21460
21301
21350
20274
22111
21396
20082
21676
22666
23248
22454
24556
25079
20167
24168
21777
23299
21499
24448
25304
24329
23320
23886
20713
23729
25022
21424
20757
20775
22717
25138
21212
25421
22245
25428
25433
21458
20116
23816
22794
23891
21473
23836
22637
23756
21805
25123
20858
21800
21622
22910
23920
20575
22418
23498
21129
21642
23949
20864
24685
24924
22157
24344
24395
20437
24948
20529
20899
22843
24326
20929
22425
22530
23235
22931
24943
20511
20908
25262
23671
21454
20462
20805
23009
24048
22494
22920
22499
21386
25489
21935
20768
21375
22905
20375
20268
21982
24615
24794
21211
20702
22878
22121
21584
24922
21230
21603
20852
20178
21075
24724
23885
21793
22127
21508
20464
21704
23291
22381
25322
21359
22617
24610
24835
20576
24840
21712
24093
24532
21363
24369
22270
22947
21305
20482
24602
20573
25204
23298
22673
21450
21449
21384
20299
25154
24043
23066
23499
21096
20499
24555
21159
25463
24282
24496
20386
21842
22653
21016
25047
25495
23249
20664
24878
24365
25354
24433
24915
20845
22420
21632
23474
24734
24114
21302
21213
24271
23077
21154
24152
20120
25199
25068
24845
20119
23728
25522
25413
22398
25191
21609
20190
24095
22595
23616
21445
22064
22016
23926
21654
20058
21765
22119
25375
22449
25202
22899
22321
23099
20122
23899
23516
23501
22259
23801
22048
22861
23013
24213
22902
25425
22128
23194
22086
22182
20753
24759
22405
22819
24801
25430
21241
24494
22285
21210
22075
20379
25641
23829
25148
21248
23845
25128
24592
25570
23118
24159
20891
21083
20217
24131
21430
24390
21406
24987
21169
25386
22306
23521
22314
21897
20363
24980
20214
24693
22760
23060
22335
21717
25339
22165
23426
20339
21740
24753
22634
23813
22570
21821
25255
21592
23917
24392
20708
23476
23759
22305
23872
25163
23805
21995
23916
24708
23770
24435
21293
23783
23745
20488
21924
25043
21561
24480
20538
20726
23742
21463
22591
25089
23583
22201
22131
23119
24165
25011
23247
20764
22260
23566
24690
25249
21270
22992
24318
23481
21825
21453
24675
23429
22862
20720
25209
23038
22663
21687
24088
22079
21269
21455
22471
25369
22926
24077
20219
23252
20547
21258
23061
21911
21650
21179
24304
22480
24157
22030
21930
20446
22267
23028
20558
22508
22533
25132
23033
21054
22913
24299
23666
22855
24334
23382
23862
25326
22323
22720
23104
22362
25240
22936
22829
20974
24907
20505
22589
23952
21922
24322
24300
21847
24197
23365
20934
21856
25157
22816
22799
23068
25638
23406
23978
23271
22711
21429
22141
23496
20639
22393
20518
22005
22099
21840
23020
24706
20173
22184
21472
22258
20062
20313
20410
21080
22921
23919
24603
21191
23556
23510
25344
22168
24022
24397
22443
21480
22289
20378
24958
21336
24425
23658
20428
22382
25131
21365
25094
23362
25081
20372
21113
23065
20812
23951
25290
22227
21864
23726
24268
21768
23832
25257
25102
22065
23264
22304
22204
21703
23793
20571
20282
23854
20197
22622
21943
20807
24498
20400
20369
23965
25227
20842
24487
24206
21752
21403
25019
20209
25319
21803
20569
24275
24526
20776
21345
24032
23794
23136
24713
22308
20136
21190
22448
21606
24199
24394
22882
25452
21760
25323
23368
24744
23525
24056
22989
22523
23880
22632
22576
23456
22464
22599
22193
21741
23614
20370
20497
25479
24643
23072
20094
24227
24279
21557
25336
21884
22811
24749
22796
24270
21172
20818
25248
23149
24606
22874
23902
21653
22690
20366
20836
23457
20417
21138
23591
24895
22627
21939
22152
24019
24345
25423
23967
20597
23887
23994
22457
25309
20387
21552
21327
20320
22002
24357
22525
22029
24773
22084
24559
23857
21467
23092
25460
24489
24082
25141
22068
21237
21586
23943
22058
25436
23162
24473
24677
22869
22801
22228
24856
20016
20341
20823
20280
23349
21322
23679
25052
21469
20747
20648
20057
20133
24873
23167
21689
23909
21419
22933
23450
23490
21596
23874
24220
22067
21048
21282
25493
22299
25057
23751
23878
23796
21849
23544
23279
24221
23059
21193
20332
25467
23757
23157
20527
24764
23039
24649
21250
23471
21202
22102
20638
21790
22422
20243
25559
21675
20004
22190
21519
22055
22791
20455
21183
21003
22564
24242
24557
24016
20887
21312
21838
23982
20066
24445
22740
25672
25371
23500
22072
22723
23227
25426
23143
20013
25389
24141
21614
24871
23868
25634
21594
24652
21086
25499
22192
22089
20269
24315
25378
22316
23017
25232
20828
20629
24384
21456
23314
20250
21509
23930
21252
21846
20603
20421
21569
23043
24554
20229
23156
25338
24401
23232
25223
20621
21910
21141
23808
23185
25152
21009
21188
21732
23684
22948
25002
22171
20619
20196
23189
24597
24813
24188
20893
24154
22364
22751
21515
22434
22973
21294
22280
25242
24209
22797
23942
20905
20827
25122
23928
23272
25599
22997
20600
25217
22261
20001
22683
24134
25402
21655
21203
24452
20692
20634
23336
20973
25166
23681
24854
24800
23709
22502
23363
22011
21904
24872
21907
22742
23042
20146
23687
22238
20524
24338
20662
21008
25075
21663
24479
25584
25648
23677
24558
21564
22081
21730
22536
20743
20121
24477
22336
24619
23123
22999
22590
20746
22130
23988
25476
20903
24711
22346
22834
21808
23044
21397
20981
22060
20699
23655
24562
25218
21142
20297
20351
23744
20108
24739
20310
24421
23947
22491
23001
24745
25200
24931
20009
22860
20791
20092
25145
20140
22573
20474
20029
24894
20813
23609
22371
21498
22403
20633
20921
21988
20354
22864
20632
21952
25220
21155
20760
22945
21483
22082
24746
21786
20927
23824
24629
23018
24742
23260
21589
23241
23375
24348
20604
24106
22593
21275
23769
24531
25082
25126
20583
21797
24176
23639
24848
20260
25080
20668
24194
20115
21672
23124
21718
21087
21200
24633
23970
22059
22935
20850
23640
22693
21734
21102
25665
24996
22705
20311
23080
25018
21692
22076
22112
23063
22548
20212
22549
24821
21283
24238
23237
22451
22840
22140
21841
24963
23384
22600
23130
21022
23931
22394
20393
25268
24937
21742
23662
24262
25404
24375
21623
25670
21497
24376
22555
22250
23293
24374
24289
23958
25041
24481
22301
21045
20398
22338
25617
22922
22504
22960
25056
23115
21664
22727
20142
21750
22367
22385
23190
24003
25278
24180
24449
23787
24885
22459
24638
21610
23310
21180
20059
22126
25466
25285
25556
24258
24195
20543
20766
22625
21906
22879
21052
20128
24564
24876
24898
24314
22296
21743
22361
23811
24296
24099
20853
20493
21393
24015
22515
20512
22562
21539
21168
23109
20508
25298
22070
21240
20839
24491
24814
25236
23417
25175
24065
21956
20915
22842
20624
20233
23428
23923
20550
21303
25655
25105
21299
20940
22436
22792
23410
21043
25195
24817
22649
20676
25258
22120
21886
24408
23107
24347
23198
20238
21686
24960
23785
22956
20118
24754
25532
23280
22426
23969
23110
23568
21437
21798
21153
20071
23048
22807
20773
21279
23010
20954
24893
23873
23722
20698
22125
23159
22262
20817
24310
23937
21422
22629
24128
24459
20309
22107
23788
23388
23665
20344
21605
23412
23330
24119
23184
25254
22105
25488
21126
23188
24510
20199
20616
23821
22844
20143
20106
23303
24319
21360
24102
20024
25293
22845
23692
21443
21106
21832
22129
24053
20221
23335
24418
25228
22083
21207
22574
23621
25260
25009
21411
22835
24982
21837
24853
23511
24364
25485
25589
22597
23628
22265
22466
21899
25449
25519
22821
25659
23987
21802
22472
24383
22423
20989
21915
21309
24985
21271
24076
20281
20886
20312
22134
22866
20860
25534
21513
20461
25069
21659
20373
20131
21529
24966
20612
24548
22380
20407
21680
23465
22707
23894
20265
23950
23413
21510
20188
24471
20414
22452
23667
24470
24478
21315
24367
20438
21843
21582
23702
23172
25320
23341
24997
20049
25549
22383
22510
24702
23608
25117
21434
22909
20245
23827
23513
23562
24518
24919
22974
24438
21639
23137
22787
21728
21525
24100
25051
25039
22038
23027
24676
21682
24591
23962
20254
25116
25390
20104
22144
22983
23959
24657
24111
24689
20542
20841
24517
25274
24061
24405
22621
22211
20237
24083
23563
22484
22241
23910
20491
24234
23971
23460
20703
25400
25114
25383
20286
22901
20832
21754
21607
21314
21244
25446
24928
20822
22028
24825
24295
21921
23749
21118
25096
23405
25289
24110
22865
23380
23379
24115
23723
22092
23257
23915
22217
23889
23051
20432
21134
24267
20060
25201
22785
23610
21558
23564
21796
24403
24278
24466
20654
23180
23782
20103
23168
22778
25335
20052
25382
21062
23617
21969
23619
21262
21996
22340
22990
22136
22775
20602
23881
22780
20405
23730
20151
20665
25606
25592
22226
21759
23120
22282
24116
23755
24672
21690
23397
20580
23134
25109
23207
24428
23789
25635
22138
20322
24389
21890
25179
24802
24790
23445
21150
23311
23856
20130
22606
21370
20894
20849
20740
24514
20138
20182
20076
23713
20086
23267
24613
20207
20917
22249
20613
24337
25180
25337
21725
20472
20420
23492
22959
21560
23002
23934
21125
22809
24738
23996
25607
23682
21247
22618
25316
24208
21683
20566
20483
20171
21216
23122
24143
24158
24513
25271
20787
25669
22413
25286
23964
21625
21701
24120
22761
22660
24117
23993
23370
23337
24608
21863
21162
25671
21747
24488
24501
23555
23112
22551
21694
23283
25127
20326
25172
24838
23806
23328
21024
25040
21500
20267
21157
23322
22085
22763
22996
24451
21812
24979
25432
22701
21608
24617
22519
23784
24499
23407
23680
22377
21423
24780
20918
23535
25539
22503
22343
25574
21656
21346
21343
24611
25140
22482
20833
25623
25060
24827
20444
21920
21763
21874
24382
22743
22703
24964
24066
24320
24541
25216
23006
25502
23391
21156
25585
22191
25314
22330
24851
24912
21597
22556
21544
21520
21780
20816
20336
25045
24429
23216
23369
22485
21353
20627
25091
25341
25595
25528
24573
21225
21834
24035
21826
24363
21814
21471
23497
24599
24400
24468
24044
22470
20739
22988
23219
24336
23073
23703
22356
24380
22586
22063
22722
21627
20113
24210
22412
22044
20456
22904
22550
25465
20625
22662
25300
23779
24563
24160
22697
23367
23011
21562
23438
22871
25044
22372
22012
21749
22283
24950
20932
21254
22400
22541
20144
20771
22735
25307
25537
20389
24595
22744
23377
20608
20208
20284
25113
22747
21946
21778
20859
23230
20156
21231
21588
20175
23385
21933
20763
20717
22971
21985
21349
22873
24697
24728
23204
22109
21636
22568
23859
25627
20388
20206
24646
25034
20707
23696
21078
22202
22623
24386
24887
20210
24778
25206
20577
24005
23312
23285
20856
24235
22559
20450
22378
24651
22715
21028
22507
23571
21782
23895
22795
20515
20686
20098
24298
21296
21205
23502
20452
21121
20848
23858
23963
21660
20901
21457
23054
24791
25318
24153
21779
21251
22512
21813
21960
20804
23834
21266
25359
20733
20792
24740
23799
22073
20486
22513
20054
21852
21039
22149
24107
25276
22439
20147
23404
22045
23463
20377
24717
21260
21352
20050
23647
22825
25546
22169
24673
24936
21616
22923
22534
23402
21810
22892
25284
24293
24231
21681
22762
20961
23893
25529
22187
24983
23319
23674
23286
21208
23117
20797
22207
20374
20896
20412
25410
21117
21099
23470
25137
20683
24553
20449
22692
20883
22656
24632
23553
22976
23023
21410
21979
20862
25231
20585
22522
24328
24162
23195
23527
21918
23090
25353
23444
20806
24636
25482
25331
21415
20867
22189
24420
25468
25103
22421
20447
22758
24973
20321
25656
25642
20626
20259
21376
22339
23797
24656
23443
24240
22477
25494
20448
20618
23953
24427
21023
23434
22671
25543
23804
25631
22098
25332
21755
24714
22872
21970
24614
20496
21570
24918
24855
24179
24892
20615
20012
22631
21862
21253
21531
23739
21187
23790
23361
20481
24041
23523
24618
24306
21641
24864
21880
22481
21344
23093
23810
20371
25185
23483
23720
24692
21297
22633
20123
22786
21514
21831
25454
25156
22172
23004
21379
25007
23844
24850
22698
24839
23991
21074
21601
24571
25395
23912
25464
23707
20352
21093
23762
24006
20913
22771
25616
23485
24277
21199
22122
25062
22991
20445
23256
22532
24865
25282
22132
24653
21414
22944
20820
22823
25099
22050
20523
25118
23142
25490
24832
22307
25654
21926
20198
20996
24358
25328
20261
24962
22142
23999
22803
23233
20928
22146
24261
21746
20590
24803
23326
25459
22851
22478
23800
20037
21307
24407
23541
21859
23850
22183
24502
25246
24476
20705
20240
20484
24031
24666
23441
20596
22798
23741
23578
24174
24566
24391
22887
21938
20579
25315
21035
23058
22469
23432
21163
24442
25548
23595
22004
21679
22644
25078
23554
20878
25379
25507
24412
25048
24680
20552
21698
25480
22094
25472
22708
25563
24291
20365
25518
24901
21630
24700
23178
21371
21962
23217
20655
24406
24037
20663
21014
23084
23547
20109
22104
20865
21700
20650
21101
23605
22337
25541
21546
23922
25001
24080
23025
25014
22752
21784
21876
25523
21934
21619
25636
25600
21058
24565
21950
21643
21171
22815
22221
20737
23604
25478
21744
24785
20835
24683
21192
21788
23346
23691
21470
23263
20247
24846
20802
20026
25451
22101
24537
21194
20678
23700
25207
22676
25514
22949
23517
22365
21954
23495
23877
24601
23898
23941
21426
23981
24073
20545
23546
24671
23126
25327
21541
23344
24877
20135
22716
21320
21941
21095
21013
21049
25601
23925
25208
25435
21417
24796
22927
20671
21981
25136
21261
25149
23675
22729
24069
23780
20551
23989
21556
23689
20083
20837
24776
21695
23748
22664
21181
24719
22516
23442
24947
20778
23918
23626
25155
25619
25350
24750
22953
23503
25573
23569
24984
21060
22123
21857
21819
23475
24884
20148
20185
20985
25252
23669
24735
21029
24324
22753
20875
20051
20506
21413
20829
20195
22818
24737
24388
25261
25133
20283
20301
23358
22734
21010
20567
22390
23710
21937
20160
24545
20710
23113
20976
22447
25340
23548
23458
22654
22658
20587
24169
21649
24645
20969
20394
21860
22739
25545
22000
22951
21783
21824
23091
24508
22596
23289
24625
21861
25603
24340
24857
22476
23152
23551
22918
21818
21753
24905
23036
20623
25442
23634
22370
24528
25578
25186
24808
21731
20762
25566
25119
20730
22526
24177
21545
23422
23622
24474
22487
24830
22630
21758
20582
21222
25551
21491
25269
24896
25469
21357
22163
22952
25663
20263
22069
20043
22967
25076
24308
25613
22407
24951
22854
22186
25429
21234
20593
21580
20847
24441
25203
21091
23259
20950
22528
22820
21538
21361
23076
23911
20184
23245
20536
22284
21492
25557
22411
24051
21878
20429
24863
22147
23882
25347
24655
25515
23014
22408
20361
22178
24953
23079
23324
21284
25506
24355
22924
24312
24149
20102
22090
23954
24313
21318
24972
20222
22047
22583
21568
20296
24411
23116
22286
21673
22543
22846
20101
21236
23596
21076
24598
23179
24587
24230
24522
22176
21657
22446
21257
21378
24346
25277
24579
20289
23907
22162
20192
24127
22686
21729
21148
22242
24042
21438
21085
21289
24027
25143
23974
20478
21913
20752
23574
21407
21629
20463
25643
22863
21298
20193
20285
23505
24586
21877
20912
21836
25292
21626
21082
23560
22870
21489
20065
23866
23763
21333
20501
25453
23656
21537
22812
23487
21070
22651
25362
20202
24695
22674
20931
22571
24447
24519
20871
23908
24826
21038
25604
22724
20884
25620
21107
24516
24600
21215
22614
25567
20669
22414
21160
20125
22888
22607
20253
22832
21088
23477
24266
25621
24323
22322
20194
23193
22056
24533
21817
21854
24343
20306
20287
24654
24316
23423
21404
23067
24765
21033
25230
25313
20682
24151
24647
22164
22919
21748
22355
24399
20436
20191
23160
24192
24189
20039
22529
22224
23171
21898
22271
23431
23150
24419
21736
23032
22234
23900
22158
20189
20910
20530
23333
20803
25235
25415
23852
21705
22709
20406
23151
23316
23140
21869
23985
23200
23694
21955
24085
21549
21631
23421
25512
24014
22962
24650
21067
20262
24055
24659
22427
23008
22208
22037
23491
24539
22928
20304
20606
21089
21123
21628
22657
23389
20224
24222
25526
22197
25356
23506
22331
22255
23318
22031
24218
20517
22488
25263
22768
20657
24860
21476
22968
23932
25381
21646
21908
22014
21905
22610
24052
24976
22310
25492
25602
21891
22375
20161
25153
24710
24777
22978
20244
20610
22213
24868
23632
20028
23795
22800
21165
24017
20498
22196
20541
21388
24990
25037
23623
23182
20514
20873
20714
22814
23270
20546
23440
23678
20099
23467
22783
23611
20666
24349
25367
22096
20755
21017
22544
24186
24784
21451
24842
22095
25250
25646
23699
24634
21221
21571
20774
23990
24101
24820
22748
23643
20904
21276
23843
24075
20504
24774
23975
21522
25325
25280
23828
22247
24030
25550
22465
24368
23580
21691
20316
24333
22106
23401
24707
23914
22975
23584
20340
20348
23825
25063
21530
25409
21534
25667
20594
20677
21669
20112
22026
23870
22856
21739
20949
24138
21381
24596
22670
25065
24259
21149
21198
23231
22018
23849
25213
24045
21461
22474
24317
20983
23489
20691
21615
24145
20124
23258
22565
22619
23145
23278
23343
20290
23542
25054
24594
21900
20426
21238
25023
24353
25170
24824
21380
22885
22215
20779
24288
24687
22395
24366
23424
23342
25028
25475
20397
20535
20068
24667
23046
22696
23269
24217
24822
23979
23644
23064
23203
22603
24084
20002
25129
20132
25461
23348
23945
23371
20565
21274
25622
25247
20637
24072
22253
25177
22806
25107
22009
23664
22906
22994
25061
24560
24350
23558
22406
20264
22770
20716
21329
20728
24605
21975
24352
25296
23733
23565
21986
24772
21223
22244
25366
20166
20430
23451
21328
20815
21243
20772
21061
21184
20631
23629
23737
23052
22251
25511
20077
21505
22225
24511
23486
24068
25412
25484
20885
21722
23315
24009
24904
21716
22198
23725
21412
22389
22943
25321
20342
25577
23924
22828
22353
20159
21364
25008
22736
24874
20516
25565
21949
21553
23393
20995
20846
21081
22995
24798
21944
25384
24140
24351
20323
25477
23374
20952
22668
23034
20801
24424
20155
25303
23955
21151
25130
20078
20684
24804
25035
21027
22849
24712
20485
22166
25554
24150
21678
20789
23163
24684
21709
24940
21839
25317
25462
20460
20411
22440
25447
21374
21807
24988
24639
22699
24938
21602
23980
21923
22958
25418
24576
24283
22950
20469
25088
22053
21432
20401
21579
24482
21543
24465
24109
23706
22539
24981
21901
25668
20298
23573
22601
20736
20126
20945
22883
23305
20249
21990
23166
23594
20876
22684
22003
24000
20355
20495
23705
20041
23274
25530
20919
22917
22441
25058
22966
23590
21775
21152
24092
25363
24184
21620
21991
21239
22937
24039
25238
24252
20826
22313
24552
20991
24342
23786
23840
23807
20114
20349
25394
25329
25279
20252
22789
24694
20141
22444
23297
23724
24004
20611
20055
20729
22368
23141
24013
20034
24211
24171
24736
22527
24118
21334
24205
20256
20368
20390
21977
22547
20360
24423
20793
21409
20732
23071
22790
25508
23812
21896
22831
24899
20955
23206
22387
21347
23588
22357
25071
24190
25664
24028
24726
22712
25491
24483
25184
23464
22613
21699
25615
21377
21042
21064
23803
22531
21104
22179
21176
21927
24305
23708
21576
24942
24002
20294
22291
25365
20023
21799
25445
24025
20129
25427
20754
25334
22889
24797
23809
24276
22455
20087
23224
21433
20127
23321
22293
23000
25192
20271
23901
24704
23620
24512
25112
24460
20958
24965
21666
23173
24530
23482
20906
25342
21723
21987
25159
24580
22691
21077
22108
25431
21119
22160
25083
23607
20532
21103
22489
20920
24994
24219
25173
20395
23220
20709
20672
21316
21439
22054
20228
24837
21300
25649
25287
21518
22731
22497
20317
20834
23846
20819
22725
20318
25558
23637
21635
20824
25214
23419
20440
23114
24715
24582
23586
20292
24164
24243
23088
22810
21214
23177
22841
22212
23392
20107
22151
22822
24698
22295
23549
23606
22392
20598
23302
24607
24955
24755
20333
21820
23087
21120
20900
24436
23526
22384
20674
21206
24060
21310
21034
25305
25424
21555
21971
23602
20047
24024
24290
20888
20586
21466
22093
20015
21724
23536
24923
22764
22066
22572
25176
24446
20213
24214
23364
23103
21278
25049
25224
23631
20480
21066
24050
21516
23296
22557
20357
21785
24057
20003
25244
21358
21707
22033
20660
24889
21332
23146
20549
24661
21511
20617
21976
23242
24818
20895
25417
24137
20427
20936
24265
22766
20422
21331
21567
20735
25587
25005
24486
23187
21978
24396
23851
23944
23815
23879
20008
24635
22552
20257
22495
22774
25215
22200
22954
24155
23074
20744
23317
24241
22650
21524
23304
21219
21249
20537
22929
21273
24609
21801
22611
22034
20027
23024
22506
23946
24178
24122
20183
20205
20548
20319
24542
21873
20470
20181
22756
24356
20675
22358
21170
20424
23238
21621
21710
20591
20788
22498
21756
21425
22281
24833
21804
24748
23778
25104
23519
25364
23056
21313
20150
23921
20667
24989
21909
25372
24756
20540
24147
23081
25405
23515
21132
21185
24113
23411
21290
24269
22052
22867
20403
20946
25637
23265
22682
22369
20242
22672
22388
20330
20177
22409
23218
24944
24575
24185
25237
21883
25074
25273
20851
25639
20408
23395
24529
21993
22620
24882
20158
21507
23534
24040
25420
25291
23892
20291
23100
21830
20647
20471
21685
23649
25197
23050
20325
24361
20907
22435
22025
20226
20172
21431
22719
24795
21446
23977
21474
23026
20526
24585
23773
25536
20145
21482
21806
22560
21242
20010
23372
23819
23767
21267
24567
24970
22087
21464
21069
21401
22460
20494
10515
10435
10831
10040
11673
11627
11171
11349
10100
11301
11110
10433
10041
11604
10678
10253
11388
10858
10278
10166
10944
10149
11395
10470
10254
10465
10233
11300
10754
11352
10737
10449
10348
11285
10554
10359
10175
10925
11511
11516
10990
10319
10513
10729
11682
10556
11169
11495
10555
10488
11109
11496
11192
11318
10510
10207
11252
10777
11001
11531
11458
10563
10214
10860
11313
11543
11309
10005
10303
10332
11556
10661
10296
10478
10953
11331
11000
10399
10155
11672
10623
10750
10949
10022
10266
10222
10070
10604
11306
10412
10060
10724
11550
10676
10403
10030
10246
10853
11492
11649
10094
10772
11662
11071
10880
11308
10151
10614
10847
10429
10406
10287
10169
11596
11389
11552
10603
10131
10099
10613
10140
10085
10257
10946
11191
10993
10417
10546
10844
10859
10980
10873
11220
10328
10698
10503
11197
10450
11494
10825
11077
11212
11299
11438
11498
11567
10658
10392
10423
10727
10999
11149
11660
10284
11435
10920
11669
11647
11045
10801
10805
11240
10599
10309
11176
10263
10708
10321
11425
10424
10219
10741
10248
10984
10271
11161
10790
11326
10311
11231
10723
10002
10501
11011
11319
10301
10353
10685
11288
10077
10865
10098
11433
10380
10187
10123
11576
11404
11323
10106
11253
11327
10783
10440
10490
11053
11483
10792
11622
10019
10616
10018
10087
10444
11501
10057
11249
11478
11003
10948
10970
10493
11144
11592
11266
10878
10837
10947
11345
10405
11560
10305
10763
10580
10787
11393
11502
10982
10682
10709
11489
10418
11610
10141
10425
10852
11216
10031
10903
10298
11385
10639
11069
10600
11520
10112
10048
10079
10324
11333
10699
10370
10229
11533
11193
10283
10871
10368
10053
10387
10036
11641
10973
10269
10864
11223
10640
10173
11083
11444
11185
10495
11542
11131
11383
10213
11230
11399
11127
10356
10829
10516
10781
11534
11286
10720
10121
10821
10977
10876
11219
11290
10895
11268
10958
10454
10857
10056
10945
10540
11181
10784
11461
10237
10258
10778
11106
11246
10689
11256
11541
10485
10519
11343
10509
10116
10625
10292
10128
11575
10578
11233
10773
10239
11684
11297
10994
10559
11199
10404
11201
11098
11434
11359
11179
11062
10518
10046
11367
10644
10664
11482
11375
11064
10456
10615
10446
10596
11054
11046
11436
10167
11037
11535
10793
11133
11469
10598
11302
11261
11443
10589
11217
11465
10799
10062
11387
11524
10342
10126
10869
11173
10064
10069
10491
11272
10235
11215
10270
10295
10819
10410
10075
11146
11587
10897
10942
10796
10092
11315
10794
11406
11126
11626
10268
10530
10814
11455
10838
10434
10377
11497
10344
11114
11661
10753
10234
10249
10786
10262
11189
10211
11597
11338
10813
11258
10508
11650
10736
11241
11507
11025
10238
10998
10565
10186
10832
10103
10874
10539
10428
10304
10082
10026
10520
10385
10205
11540
11254
10437
10008
10265
10101
11270
10734
10962
10413
10272
10335
11415
11142
11262
10606
10707
10091
10209
11559
10651
10514
10473
10489
11392
10645
11526
11356
11344
10746
11671
10466
11063
11570
11549
11065
10336
11115
10397
11475
10975
11446
10130
10505
10373
10024
10415
11658
10820
11020
10917
10191
10629
10369
10549
10584
10954
10951
10150
10929
11095
10218
10111
11213
11056
10119
10047
10294
10866
10389
10956
11222
11391
10273
10426
10421
10669
11504
10194
11320
11365
11643
10168
10251
10581
11296
11418
11009
10959
10156
10340
10372
10700
11522
11021
10531
10586
10635
11324
10327
11499
10001
11637
11023
10189
10178
10788
10337
11048
10006
11335
10225
10684
10081
10242
10157
10672
11677
11670
11130
10176
11265
10765
10703
11143
10252
11340
10738
10851
11657
11008
10093
10527
10058
10408
11187
11209
11369
10422
10443
10374
11015
11452
11382
11390
11269
11408
10378
11484
10693
10758
11164
10918
10299
11598
10636
11304
10158
11036
11123
10621
10930
10696
10059
11180
10776
10936
11381
11398
10108
11334
10154
10641
11322
10938
10067
11043
10845
11509
10436
10469
10751
10197
11460
11364
11586
10907
10583
10591
11665
10376
11076
10032
10212
10442
10887
11620
10461
10824
10497
11002
10343
10564
10762
11226
10464
10215
10162
10045
10054
10267
11470
10484
11442
10193
11353
10731
10199
10811
10830
10739
10712
10107
10180
10798
10568
10928
11545
10964
10572
11051
11546
10939
11234
10710
11663
10027
11568
11280
10594
10394
10893
11573
10849
11646
10334
11118
10120
10523
10718
11061
10447
10840
11396
10243
10015
11555
11638
10692
10416
10014
11477
10109
10547
11292
10675
11196
11264
11007
10496
10102
10511
10834
10981
10941
11225
10536
10297
10823
10861
10224
11211
11578
11274
10702
11642
10320
10066
10483
11370
10713
10545
10331
10317
11374
10521
11561
10347
10192
10745
11038
10892
10971
11242
10231
10114
10803
11611
11629
10891
11422
10196
11553
10448
11633
10632
10460
11616
11487
10533
11190
11284
11472
10477
10037
10846
10574
10733
11138
11305
11429
11599
10914
10749
10013
10760
10136
10381
11683
10924
10366
11235
11591
10363
11351
10923
10409
11667
10285
11135
10881
11645
10538
10967
11221
10610
10275
10898
11141
10683
10290
10985
11603
10595
11653
10349
10160
10357
10955
11028
11410
10779
11239
11491
11529
11004
10732
10870
11595
11124
11379
11317
11336
11263
10142
11086
11614
11075
11402
11615
11293
11243
11417
11676
10902
10097
10585
11514
10071
10608
10159
11019
10919
10544
10051
11111
10856
11218
11589
10302
11182
11366
10646
10988
10382
10414
10744
10620
11024
11100
11238
10969
10577
10502
11172
10083
10605
10634
11463
10009
11419
10507
10649
10735
11588
11016
10659
10570
10697
10281
10183
10771
11363
11167
10129
10597
10365
10463
10850
11447
11488
10288
10118
11350
10122
11348
11346
10379
11329
11140
10714
11117
10827
10622
11569
11104
11412
10152
10774
11034
11166
11644
10255
11666
11432
11165
10579
10681
10922
11464
11030
10996
11066
11517
10007
10997
10494
10044
11624
10451
11371
10201
10261
10486
11072
11448
10822
11157
11583
10240
10052
11659
10313
11459
11207
10992
11674
11206
10868
11512
10810
10567
11445
10038
10386
11639
11067
10291
10883
11473
10626
10063
11566
11049
11291
11503
10668
11579
10566
10188
10816
10725
10624
10208
10553
11479
10655
10352
11636
10782
11132
11397
10230
10153
11094
10543
11311
10139
10695
11092
11257
10769
10307
11227
10179
10264
10223
10402
10715
11032
11044
10740
10174
11151
11332
11347
11342
10911
11608
10730
11103
10354
10835
10125
11070
11505
11112
11082
10217
11074
10909
10932
11079
10400
11355
10674
11368
11450
11485
10652
10933
11675
10411
10885
11339
11537
11121
11407
10314
10722
10458
11466
10512
10441
10960
11457
10966
11259
10534
11453
10687
11251
11648
10978
11271
10979
11120
11538
10068
10383
11195
11613
10138
10323
11287
11405
10767
10396
11431
10808
10704
11014
10888
11376
10171
10065
10035
10638
11174
10927
11310
10318
11145
11606
10611
10863
11247
11400
10575
11278
10055
10462
11136
10562
10609
10182
11605
11237
10203
10216
11228
10172
10133
11017
10049
11428
11224
10551
11411
10498
10308
10721
10181
11168
10361
10937
10748
11125
10341
11554
10163
11039
11421
11006
10338
10915
10445
10325
11250
11513
11116
11018
10719
11471
10670
11198
10972
11267
11565
10384
11035
10804
10607
11188
11593
10886
11194
10537
10557
10072
11539
11510
11506
11536
10899
10952
11449
10759
10742
10963
10375
10492
11563
10590
10506
10910
11437
10407
10388
10908
11325
11530
11679
11248
10360
10906
10931
11203
11177
10481
10080
11635
11210
11372
10432
10004
10688
10797
10628
10643
11232
10872
10184
10393
11139
10680
10836
10499
11430
11214
11089
11515
10039
10095
10300
11577
10995
11623
10901
10989
10618
10350
11681
11078
10839
10061
10761
10185
11640
10679
10905
10021
10202
11013
11202
11010
11108
10612
10657
10588
11409
10420
10427
10986
10170
10322
11303
10561
11255
11481
10113
10877
11619
10326
11617
10660
10755
10916
10654
10147
11468
10439
10879
11454
10525
10642
10686
11040
10882
11298
11373
10367
10791
10921
10232
11362
11551
11119
11314
11337
11612
11403
10848
11634
10221
11102
10666
11601
11330
11527
10617
10991
10029
10482
10090
11084
10362
10244
10867
10526
11600
11664
10274
10105
11490
11668
10818
10913
11678
10479
11088
11486
10277
10706
11282
10691
11059
11656
10148
11245
10480
02108
02056
00658
01074
00514
00468
00958
00239
00849
02125
00797
00636
00121
00077
00635
00668
00925
01526
02029
01496
01941
01276
00208
01805
00030
01625
00376
00899
00497
01517
00795
00346
01057
02042
01662
00295
01387
01901
01325
00484
01894
01159
00954
00385
00464
01709
00836
00057
01365
00460
00578
00753
01946
01183
01330
01263
00200
01275
01789
01336
01194
00418
01731
00815
00957
02006
00911
00616
01691
01683
00892
01101
00743
00213
01172
01431
00648
02021
01838
00474
02007
01160
00853
01545
00441
01512
00135
00173
01899
00415
01845
00722
00473
02028
00708
01796
01755
01463
00814
00144
01964
00475
01193
01816
01409
01539
01399
01373
00305
01732
00076
00825
01634
01362
01529
01467
01877
00001
00091
00948
00393
01736
01734
02004
01291
00062
01747
00520
01339
00309
00566
01904
01167
00097
00113
01454
01685
01680
01829
00523
01981
00324
00607
00960
00829
00134
01245
02093
00555
01865
00695
00031
01487
00138
02011
01410
01620
00317
01934
00018
01281
00538
01136
01746
01938
00770
01226
00918
01533
00232
00381
01983
00591
01753
00643
01524
00839
00487
00867
00336
00897
00467
01324
00702
01619
00430
01028
02024
01644
00554
01744
01689
00707
01769
00546
01826
01485
00218
00676
00670
01960
00914
00382
00019
00153
01954
01737
00816
00755
01613
00323
01299
00910
00002
01054
00652
00941
00901
01483
00905
01602
01627
01717
01711
01548
00291
01637
01270
02037
01044
02123
00629
00999
01241
01393
00972
00061
01132
01727
01984
00633
01323
02136
00399
00316
01990
00276
01928
01200
02110
01523
00406
01198
01406
01321
01850
01569
00347
02000
01697
02103
00140
00488
00177
01345
01589
00310
01862
02087
01019
00955
01056
00790
00589
01937
01343
00148
00530
00217
01891
00116
01833
00319
01493
00079
01154
01313
00012
00155
00503
00879
02009
01451
01142
00750
00225
00644
01774
01402
01714
00066
00974
01590
00321
01423
00053
01766
00774
00131
00621
00016
01722
01841
02085
00547
00246
01780
00868
00738
00429
00684
00350
00536
01713
01991
00162
00768
00212
01397
01015
02114
01353
01917
01926
01775
01535
00477
00603
00992
00275
01261
01757
01994
00881
00332
02088
00351
00563
00778
00882
00483
00780
01296
01405
00714
01799
01716
00796
00342
00254
01111
01538
01867
00480
01352
01879
00531
01853
00245
00010
00691
01823
00679
01715
00841
01555
00230
00187
01645
00943
01395
02065
00807
01260
01955
01144
00370
00998
00361
00677
00865
00742
01836
01290
00851
01316
00975
00035
01169
01658
00885
00261
01549
01197
01374
00365
01793
01378
02040
00014
00608
00701
00699
01852
01612
01592
00298
00756
01948
01412
01982
01315
00760
00630
00491
01571
01327
00120
01942
00286
01812
00438
00354
01819
01104
00828
00506
01733
01958
00584
01492
00840
00179
01869
00100
01624
00036
00285
01861
00237
01897
00639
01238
01670
01939
00920
00020
00772
01367
00831
01007
00747
01778
00060
01466
00720
00318
00953
00785
01121
01522
01547
00004
00304
02066
00581
00262
01249
01945
00973
01297
01835
02068
01745
01586
00495
00258
01905
00196
02027
01438
00813
00666
01873
02098
01708
00455
00775
00763
00471
01943
00300
00681
01684
01759
00835
01979
00194
01834
00293
01248
00690
00537
00947
01341
01933
01626
01908
00273
02067
01657
01564
01179
01704
00951
00219
01018
01455
00050
00090
00379
00692
01001
00458
01947
00391
00646
02138
01777
00006
00657
01844
01770
01779
00493
00396
02025
01669
01411
00357
00118
01851
00977
00479
01998
00995
00693
00561
01721
00540
01986
01084
01034
01550
01285
02134
01968
01309
00935
01787
01221
00184
01379
01068
00940
01750
00642
01356
00251
01364
01902
00567
01292
00906
02121
01311
01295
00088
00931
00583
01556
00703
00827
01640
00096
01495
00412
01449
01310
01002
01067
01977
00944
00912
00757
00880
01660
00599
01756
00678
01430
01317
02126
01107
00325
00250
01667
00243
01046
01206
01666
02017
01161
00617
00372
01921
00421
01494
00238
01147
00580
02105
00878
02052
01462
00234
00647
00191
01501
00595
01314
01507
00102
00706
00027
01857
01804
00887
00447
00392
02091
01707
01372
01389
02132
01718
01860
00084
02015
00873
00969
00150
01301
00046
01120
00586
00979
01427
00089
01098
01371
00388
01974
02057
01214
01272
00716
01143
00500
00075
00664
01151
00889
00767
00604
00442
01045
00923
01453
01382
01824
00508
01488
01418
00683
01114
01145
01896
00501
00375
01370
00448
01700
00159
01223
01484
01366
00259
01999
01784
01511
01401
00751
01051
00614
02035
01344
00857
01268
01500
00271
00809
01457
01331
00072
01903
00532
02060
01795
01230
00499
00618
01623
00602
00496
01093
00529
01651
01730
01338
00976
01383
01060
00653
00314
00092
01039
01505
00527
02014
00830
00190
00133
00459
01699
00673
01674
02023
01811
01195
01610
00109
01578
01815
00564
00236
00597
01497
00802
00492
00231
00600
00783
00913
00358
01171
01802
01477
00461
01675
00915
00724
02082
01531
00848
00788
00263
00949
00489
00821
00021
01649
00466
00732
01565
00700
01100
00804
01240
00535
00472
00585
00907
01858
01739
00386
01212
01005
00408
00437
01071
02079
00407
02032
01498
01369
00855
00961
01679
01236
00087
00434
01576
02083
01358
01163
00335
01607
00394
00660
02137
02111
00078
01916
00198
01554
01985
01392
01377
00803
02039
01632
00339
01831
00107
01608
01437
00469
01642
01203
00306
00752
02064
01560
02130
00632
00270
00811
00805
01061
00667
01648
00420
01440
01544
00900
01419
01988
01650
01614
02016
00838
01676
00068
01944
02113
00613
01279
01856
01872
00367
00762
00505
01461
01424
01420
01085
01703
01687
01403
01047
01920
01472
00256
01264
01740
00689
01188
00983
01577
00582
01582
00515
01122
01209
00715
01706
00605
00048
01889
00201
00601
02043
00482
00233
01633
00449
00465
00161
00034
01097
01741
00680
00247
00067
00539
01112
00353
01832
01895
00410
01394
01622
00494
00029
00023
02106
00070
00279
01398
00823
00105
00490
00056
01995
01329
01322
02096
00202
01174
01246
01723
00696
01011
01444
01052
01227
01380
01168
01400
02031
00723
01342
01532
00094
00902
00967
00143
00950
01213
01690
01302
00884
01817
00674
00517
01258
01334
00264
01585
01973
00833
00422
01124
02141
00748
01728
02078
00888
00933
00456
00028
00175
01536
00988
01017
00858
00559
00593
01900
01558
01653
00205
00136
00662
01950
00182
00106
01701
01910
01208
02020
01678
01854
01110
00672
02116
00362
01932
01914
01065
00729
00771
00364
01814
00204
00303
02018
01919
00186
00397
01350
01116
00165
00638
02058
01601
00610
00890
00543
01072
00524
01686
01422
01162
00320
00687
00843
00688
00612
00117
01771
00404
01782
00553
01559
01166
00166
01216
01196
00932
01876
00197
00119
00719
01987
00726
02104
02069
00990
01563
01355
00552
00620
00698
01692
02117
00876
01021
00654
01137
01551
01913
01618
01473
00577
01441
00942
00820
02002
01452
01893
01837
00634
01971
01792
01182
00049
00103
01348
01776
00129
01337
00655
00587
00032
02022
00685
01447
01088
01480
00984
01580
00170
02107
00606
01404
01178
01798
00248
00337
01231
00436
01016
00938
01118
01478
00005
00007
01259
02030
00244
01682
02008
00916
00921
01761
00137
00571
01710
00709
02124
01972
01177
00403
01288
01186
01593
00188
00003
02051
01748
02131
00611
00111
01588
01842
01192
00152
01205
01956
00327
01975
00055
00556
00071
00746
00924
01303
01201
00149
00895
00793
01165
00017
00824
00290
00417
00671
01415
00064
01520
00966
01543
00168
00649
01239
00164
00462
00509
01335
00124
01768
01475
02076
00289
00341
01243
01413
00628
00631
00377
00098
02100
00265
00832
01764
00355
00800
00989
00994
01141
00297
00419
00754
01298
01037
01476
01332
02047
01765
00919
00569
00416
01909
01468
01376
00640
01354
00207
01368
01078
00058
01635
00041
01349
01594
00627
00266
00288
01432
00959
00043
01491
01360
02109
00322
01211
00522
01434
01969
00842
01131
01702
02097
01978
01506
01749
00798
01584
00452
01881
00818
00328
01469
01363
01603
01199
00432
00765
00359
00541
01616
01464
01553
00313
01641
01000
01868
00292
01996
00596
00039
01970
00528
00550
00428
00203
00040
01654
02012
00637
00451
01929
01573
00260
00594
00269
01751
01257
00512
00712
01726
00157
01429
01026
01202
00549
01878
02044
00284
01617
00481
01075
02062
01882
00733
00846
01140
01090
00414
01490
00125
01391
02112
01735
00872
01772
00659
01924
01525
00686
00661
00598
00308
01719
01146
01062
01460
01269
00252
02095
01767
00713
01289
00425
00558
00721
01997
00443
01923
00526
01032
01265
01282
01252
00759
00557
00761
01108
01006
00749
00789
01712
00845
01516
01871
00069
01781
01340
01791
00777
00859
00946
00929
01125
01040
00326
01664
01729
01925
01673
02139
02115
00180
00378
01080
02092
00371
00645
00374
02084
00423
01180
01433
01357
01931
01874
01312
01210
01605
00704
01724
00363
00445
01479
01693
01646
01595
01813
00904
01966
00127
01286
00174
01022
01530
00894
01308
02001
