23128
21164
24551
20938
20402
23630
22032
24913
20165
24768
21871
23097
20007
25387
22277
24550
23069
24202
20459
25542
23716
23552
20519
23863
22078
20857
20892
22350
22302
24588
22209
21727
24900
22181
20794
21527
24914
20046
25160
22886
22915
21389
22116
20556
20971
24454
20070
25211
23040
21084
24630
21998
25251
24284
22781
23750
24879
21468
20139
25146
21435
23262
21902
23853
24506
22788
22309
24130
21030
20278
20236
22080
22750
24378
24001
25070
21879
20742
20431
22850
25624
20179
20869
21677
20968
23976
23353
22021
25174
24327
25486
20977
21822
21105
21355
23830
23736
22514
20693
21427
21671
25310
24402
22429
20999
22006
24201
21372
24852
23350
20423
21532
22360
23758
21177
25086
22578
20324
21041
23191
22665
25662
24547
23340
20922
24927
21233
24799
20731
22252
24360
24038
22941
23095
22667
20358
22912
24761
20770
22206
22993
20385
24070
25439
24215
21144
23599
21670
20442
23053
23627
24172
20476
21079
23831
21751
23399
24087
24757
24193
22749
24203
25124
20170
20383
22349
23108
25434
22114
24182
25487
20687
25330
23904
23822
24934
20694
21932
22808
20997
21577
22475
23715
22288
22859
21068
20712
22232
23986
20359
24135
23243
25473
21166
25046
25650
22685
23905
24805
23155
24063
20507
24789
21496
21528
20030
24916
24249
21167
23331
24974
21493
23538
23550
21997
21600
20180
23672
25033
20897
22827
22376
20044
21057
25555
24971
22341
24843
23468
23983
24457
21961
23012
22342
21204
20614
21974
20490
23223
21340
21989
21255
21195
23250
20988
22626
21581
24321
25181
20799
21764
21387
23933
23841
20607
22777
21815
25401
24146
23394
24430
20830
20916
23373
22817
22970
21953
25596
20963
20353
21638
20595
22714
24662
21633
24867
23127
22077
24248
21246
21697
20314
22987
25450
22908
24699
20635
24089
25496
23653
24183
24167
21122
23888
25628
23660
21994
24026
22492
22490
24469
25012
21668
21566
24431
23121
24311
23838
22329
20555
20018
24339
25067
20270
21870
22877
23747
20706
23313
21919
24207
22688
24444
21441
24859
21501
24132
22738
20335
21317
22298
22074
20073
20780
24370
24103
22320
21761
23414
22961
21618
20079
23688
24335
22174
25516
24253
24250
22043
22311
22837
20230
24387
23685
23268
25072
20658
25500
21304
21090
25281
21794
20235
21055
24148
23213
25441
23329
20005
23228
24722
20343
23266
22830
24815
23019
21229
25171
23545
22428
24272
21789
21292
21494
22569
24503
24903
23957
23288
25168
21772
22257
25403
25205
20784
20984
24108
23939
25666
22254
22628
21012
20574
23837
23654
21348
20959
23826
20601
24793
24866
25647
20953
23222
22609
21416
23579
22110
23864
24251
20785
23992
22049
22604
24462
24644
25295
24285
24458
24007
24967
23290
20628
25657
24628
25608
23307
23842
24574
23927
22542
20814
25440
20090
21733
25226
25161
20796
25004
25266
22071
23334
22461
20584
24450
21007
24909
22639
24665
23101
20560
20992
20088
24678
20220
23196
22416
21110
23239
23400
22897
24883
22442
23735
23461
23711
20718
25471
23719
20553
23972
22462
21811
23642
21658
24716
22022
22898
23007
20840
21624
25108
23045
22710
23508
23572
24008
23936
24858
20305
20091
24191
25239
24751
21308
22893
23764
21232
21738
21209
24760
24917
25125
22263
25510
22804
21554
25144
24464
20164
22373
23731
22415
21259
21486
24612
22397
24631
21256
24561
21640
20337
24869
23281
24079
21286
20644
24546
23234
23208
20433
22577
23418
20093
21875
23098
23192
23802
22493
23144
20042
24331
25312
25474
25162
25164
22292
22984
22268
21019
22359
25517
25221
24660
20525
20362
23624
21408
21405
23347
22324
20700
22273
23205
23646
24731
20376
20831
23085
24216
23251
20382
22199
23181
20475
21330
24121
20868
20168
23287
25524
21503
24187
23070
22635
21032
20854
24590
22977
25422
23437
23273
24730
25575
25193
25376
24228
23777
25597
24733
21182
20572
22675
21512
22315
21158
22784
22118
24956
24957
22167
23581
20211
20661
23883
20234
21475
21143
21065
25598
22386
20239
24812
21326
22062
25629
21178
24881
22730
20117
23618
25411
24493
24133
24163
24196
22145
25265
21958
21574
24256
24023
24810
24490
21025
21757
21590
23466
24589
22041
20056
22334
25151
25111
21578
24484
23447
20439
25032
25000
22115
24954
22013
21485
23253
20688
23105
25560
22616
23543
24998
22853
20980
20690
21224
22655
24492
22567
23884
24472
20040
23693
21563
23356
24254
24670
21973
24703
24792
20926
25609
23597
21662
21135
21418
25470
25572
23210
20346
24413
21551
21948
23082
25569
23403
21521
24623
21324
22942
20380
22453
21137
21428
21097
20966
20544
22219
22133
21823
20715
22216
22746
22689
24925
22938
20879
24359
20972
21369
24096
22177
22932
25311
25093
23960
22467
24819
23651
23897
23712
21265
23776
23255
23752
24771
25586
21354
20134
24880
23176
25651
25509
23524
21583
25345
23359
25158
24968
25355
22347
24906
21711
23469
20258
22042
20200
25097
20415
21288
20570
24297
25660
22458
21881
25026
23587
25513
20975
20500
22027
20890
20251
20738
23648
20680
20293
20924
20534
20930
21005
22402
25396
25497
25448
25073
25059
21894
22911
20539
23420
25658
23518
20036
24081
20889
25101
21966
20748
20327
20855
25399
20204
21133
25552
25580
23867
22243
21146
20266
21402
22113
24236
23820
21833
22852
25594
22154
20502
22875
25343
21867
21217
25229
23433
23398
22981
23775
21587
24642
23479
20825
21056
24524
22767
23221
24682
22737
20559
22430
21504
25527
21720
25626
21766
24029
22759
23294
20993
22008
21050
24861
22185
21444
23201
24669
21945
23576
22813
21984
21420
21888
24495
22501
22468
20072
22726
22615
20035
22624
20441
22612
23183
20649
23378
20075
21892
25483
21925
24930
22669
23246
22194
25027
22483
24515
25520
21094
22741
20790
25398
24175
23306
21112
25416
23761
25272
21964
22704
23030
21440
25380
20902
20965
20457
21947
25357
23765
24091
24156
22317
24544
20651
23083
21285
21613
24047
25302
21604
21124
22272
23154
23057
22588
22248
24668
23668
24440
20061
20697
23133
23839
24245
22636
24409
23738
23035
22235
23635
21051
25618
23650
25501
23209
20821
23528
23339
25408
22223
22437
20223
23514
25306
22824
20418
20964
23169
21965
21526
22279
25025
21448
20750
23753
22399
25374
21495
23226
23390
23973
21264
22046
22517
23533
24136
20338
20704
22540
25030
22496
21634
22518
23408
21903
23186
25590
24105
23041
21391
25190
22833
25540
20097
22205
20531
22580
22348
21770
22955
20979
20149
24064
20563
22679
20038
21000
23522
22333
24126
23570
20679
23567
25348
22039
23638
23139
23236
20162
24769
21951
23603
23386
20782
20345
24393
25407
22930
22220
20272
21325
22538
20413
22836
22024
23352
24823
20466
20032
22594
22964
20808
25225
20085
23520
21189
24233
22035
24952
25297
25661
22057
24720
21479
22326
25110
24090
22659
24723
21565
21383
25106
22916
22584
22218
25188
20203
24921
21382
23997
25031
21073
21053
21853
22694
25333
22445
22325
21136
22858
21829
20328
23676
24173
20513
25194
23016
22585
20011
22979
25134
22391
24829
22890
20978
21595
23197
20685
24301
24520
20642
21895
23613
21186
23961
22148
21140
20477
24718
23261
21827
21667
24074
20522
22965
22269
20741
23598
24945
21535
22432
25591
25015
22805
22702
21301
21350
20274
22111
21396
20082
22180
22666
22175
23248
22454
24556
20167
24168
21777
23472
23299
21499
24448
25304
24679
24329
23320
23886
20713
23729
21481
21424
21599
21795
22717
25138
22839
21212
25421
25428
25433
21458
23816
22276
22794
23891
23836
24504
23756
20943
21805
25123
25349
20356
20858
21800
21622
21040
23727
23948
20575
22418
23498
21642
23949
24924
22157
24395
20437
21559
25652
24948
20529
20899
22843
24326
21647
22425
22530
22931
24943
20908
25262
21454
25564
20462
20805
23009
24048
22920
22499
21386
25489
22687
21935
20443
21652
21375
22905
20375
20268
21211
22121
21584
24922
21230
21603
24724
23625
23885
21793
21508
20464
23291
22381
25322
21359
22617
24610
24835
20576
22431
24264
22848
23165
24840
22017
24093
21363
22270
22947
21305
20482
24602
25204
23298
21450
21384
25593
21787
20299
25154
24555
21159
22040
25463
24496
20386
22653
21016
24273
22318
25495
23249
20664
24878
24365
25354
24433
24915
20845
22420
23474
24734
24114
21302
24770
21213
21154
24152
20120
25199
25068
20119
23728
25413
25017
25191
21609
23211
24095
22595
23616
21487
23926
24232
20689
21654
20058
21765
22119
25375
22449
25202
22321
23099
20122
23516
23501
23801
22048
22861
21963
24125
20914
23013
23529
25425
22128
23194
21868
22086
22182
20753
24759
23984
22405
22819
24801
25430
21241
24494
25397
21210
25641
20163
23829
25148
23845
20891
21083
20217
22150
21430
21169
20810
25386
22396
21897
20363
24046
24432
24980
20214
24693
23734
22760
22335
21717
25339
22165
23426
20339
24753
25267
22433
22570
23430
25098
21821
25255
23215
21592
23917
25084
20708
23476
22305
23872
25163
23805
25544
21995
23770
23783
23745
20488
21924
25043
21561
24480
20538
23742
21463
20169
24935
25089
23583
22201
22131
23135
23119
25568
24165
25011
21648
23247
20764
22260
25115
23566
23760
24690
25249
21270
22992
24318
21865
23481
21453
24675
22862
23308
20720
25209
22663
21687
24088
22079
21269
21455
23557
25010
25505
22471
22926
24077
20219
23252
20547
25611
21258
23061
21911
21650
24304
24157
22030
21930
20446
22267
23028
20558
22508
21268
20641
22533
25132
24584
23047
25352
22913
24299
23666
22855
24334
23382
25326
20248
22323
23332
22720
23104
22362
25240
22829
20974
24907
20505
22589
21858
23952
21922
24322
25243
24300
21847
24197
24354
23365
20934
21856
22816
22799
23068
23406
23978
22711
21866
21429
22141
23496
22393
20518
22005
22099
21840
23020
25234
24706
22184
21472
22258
23174
20313
20410
20882
22921
20877
23919
24603
21191
23556
23510
22023
20695
24022
24397
22443
22847
20378
21336
24425
23658
20428
22382
25131
21365
23860
25094
23362
25081
20372
23065
20812
21335
25290
22227
21864
23726
21004
21100
24268
21768
23832
25102
22065
23264
22304
22204
21703
20568
23793
22563
20282
20216
24525
20197
22622
21943
20807
24498
20400
20369
23965
23673
24891
25227
22091
24487
24206
21752
21403
25019
25319
21803
20246
24275
24526
20776
21345
23794
24713
24377
22308
20136
21190
23589
22448
21606
22732
24199
24394
22882
25452
21760
25323
20982
21114
23368
20074
24744
24056
22989
22523
23880
22632
23456
22464
22599
20994
21741
23614
20370
20497
25479
24643
20094
25301
23212
24227
24279
21557
25336
22811
24749
20861
21172
20818
20581
25521
25458
23149
24606
22874
21653
24910
20416
22690
23792
20758
20366
20836
20417
21138
22627
21939
24019
24345
24637
25423
23967
20597
23887
22457
20387
21552
21327
22002
24357
22084
20643
24559
23857
23092
25460
24489
25141
22068
21586
23943
22058
24473
24379
21478
25576
22869
24260
22228
24856
20016
20341
20823
23679
25052
21469
20747
20648
20057
20133
24873
23167
22256
23909
21419
22933
23450
23490
23874
23861
24220
22117
20578
21048
25493
22299
21006
22826
25057
23751
23878
21849
23544
23935
23279
24221
23059
21193
20279
20332
24836
23757
23157
20527
24649
21011
24995
21250
23471
22581
22102
24416
21790
20243
25559
21675
25142
22190
21519
24696
22055
22791
20455
23381
21003
22564
24242
24557
24016
21312
21838
25055
20066
22740
25371
23500
22072
22582
21465
23227
25426
23143
20013
25389
24141
21614
24871
23868
25634
21594
25499
23507
20269
24315
25378
22316
23017
25232
23663
20828
20629
23314
20250
21509
25612
23930
23657
21252
21846
20603
20421
23275
21569
24554
20479
25338
24401
23351
23232
21916
21910
21141
23808
23185
25152
21009
21732
22948
23225
25002
22171
20619
20196
23189
21547
21173
24597
24813
24188
20893
24154
22364
22751
21515
22019
22434
20031
23254
22973
21294
22280
24521
24705
25242
24209
22797
23942
20905
20827
23928
23272
25599
22997
20600
25217
22261
22683
24134
25402
24681
21655
21203
21983
21540
24452
20692
23336
20973
25166
24890
24854
21228
24800
23709
22502
20711
23363
21702
20767
22011
24872
21907
23042
20146
23687
22238
20524
25210
20662
21008
25050
25075
24479
25584
23677
23848
20640
24558
21564
23754
21696
21719
22081
24640
21730
22536
20121
21341
24477
22336
24619
23123
22999
22590
20746
22130
23199
22940
23988
21020
20451
21781
25630
20903
24426
24711
22346
22834
21808
23512
21397
20981
21116
24505
20699
23655
24562
20297
23744
20108
24739
24841
20866
23947
23459
22491
23001
24745
24931
22860
20791
20092
22745
20140
24062
20474
20029
23609
22371
21498
22403
20633
20921
21988
20354
22864
21952
25220
21155
20760
20454
22945
21483
25498
22082
25219
24746
21786
20927
25270
23824
24629
23018
24742
23260
21127
24816
24348
21275
21319
25077
23769
24531
25082
25126
20583
21797
23661
23295
24848
20260
25080
20668
24194
20115
23124
21718
21087
21200
24633
23896
22059
22156
22935
23640
22693
21734
21102
24455
25665
21848
24996
22705
20311
23781
22652
23080
25018
22076
22112
23063
22548
20212
21855
24821
21283
23237
22451
22140
20489
21841
24963
23473
23384
22600
23130
21022
23931
22394
20786
20393
20521
25268
24937
21742
24831
23662
24262
25404
24375
25670
25605
21497
24376
22555
22250
23293
24374
22374
24225
25036
25041
24481
24787
21045
20398
22338
22960
25056
23115
21664
23357
22727
20142
21750
22367
22385
23190
23409
22479
25278
24449
23787
24885
22459
24638
24226
20255
24325
23645
23791
21180
20059
22126
25466
25285
20947
25556
24258
24195
24223
20543
25625
20766
22625
23276
21906
21052
20128
24564
21139
24898
24314
22296
21743
22361
24296
24099
22287
20493
21098
22515
24439
20512
22562
21168
23109
21684
20986
20508
25298
23835
22070
24491
24814
25236
23417
25175
24065
21956
22842
20624
23428
23923
20550
24281
21303
25105
21299
24020
20940
21914
22792
23410
21043
25195
22587
24817
22649
20676
25258
22120
21674
21886
24408
23107
24347
22776
23198
20238
23396
21686
23785
24754
25532
23280
22426
23969
23568
24709
22237
21092
23062
21153
20071
22807
20773
21693
21279
23772
23010
24893
23873
21036
20987
23722
22881
22354
20698
22125
23055
22401
21645
23159
22262
22173
20817
23937
25324
21422
23743
21395
22629
23530
22939
23740
25135
24459
22107
24287
23788
23388
20344
21605
23412
23330
24119
23670
22463
22105
25488
21126
24510
20315
23766
20199
20616
23821
22844
20106
24198
24319
21360
24102
20024
20724
25293
21147
22845
23692
21443
21832
22129
24098
24053
20221
23335
24418
22083
24303
21207
22574
25260
25009
21411
24982
21837
24853
24364
25589
22597
22328
23628
22265
25139
21899
25449
25519
22821
25659
22472
24383
22423
21915
24434
21309
24732
24985
21967
24076
20281
20886
24781
20312
22134
24991
20111
23641
21714
22866
21513
23462
20461
24920
21659
20948
21063
20131
21529
24966
20612
24548
22380
20407
25561
20069
23465
22707
23894
20265
23413
20562
20188
22857
24471
22452
23667
23106
21315
24367
20438
23585
21582
25535
23172
25320
24997
25549
22383
22510
24702
23608
21434
22909
20245
23827
23562
24518
24919
21928
23129
22974
24438
21639
24071
23137
22787
21728
20564
24100
25051
21573
22038
23027
24676
21682
23962
20254
25116
20104
22983
24111
24689
20542
20841
24517
25274
21769
24405
24097
22621
22211
20237
24083
23563
22484
22241
23910
24234
23301
23971
23460
20286
22901
20832
21754
21314
21244
25446
24928
22028
24825
24295
21921
23749
21118
25096
23405
25289
24110
22865
21131
23380
23379
24115
23723
22092
23915
22217
23889
23051
21134
24267
22785
23610
21558
21796
24278
24466
20654
21046
23633
22233
23782
20103
23168
22778
20052
25382
23617
21969
23619
25064
22340
22990
24246
20602
22780
20405
23730
20151
21713
20665
25592
21759
20909
23120
22282
24116
21845
24672
24946
21690
23397
22575
20580
23134
24428
23789
25635
24463
21890
24802
24790
21591
23445
21150
23311
20130
22606
20849
24514
20138
23267
24613
20917
22249
20613
24337
25180
25337
21725
20472
23903
20420
22959
21929
24969
21560
23002
25358
21125
22809
23968
21651
24738
23996
25607
23682
22618
23439
21145
24208
21683
20566
20483
20171
21216
23122
22782
24158
24932
20045
24513
20874
25271
20787
24926
21625
22660
24117
25283
23370
23337
24608
24509
21863
20798
23075
21735
21162
25671
21747
20588
23345
24488
24501
23555
23112
22551
21694
20795
20599
23283
20473
20326
21447
25172
24838
23806
21024
25040
21500
20267
21157
22914
24627
20218
23322
21399
21015
24451
24012
24783
25432
22701
21608
24617
23697
22404
23784
24499
23407
22377
22351
25095
25006
21423
24780
20918
23455
25539
23823
22503
22343
23575
22275
21656
21346
21343
24611
22482
25623
25060
24827
20444
21920
21037
21763
24239
20048
22743
22703
24964
23956
20911
25216
24422
23006
25502
23391
22598
25585
22191
20153
25314
24851
24912
21597
22556
21544
21520
21780
25183
20336
25045
24034
24429
23216
23369
22485
21353
20627
21957
25091
25341
25528
25437
21225
21834
24035
22891
25406
21826
24534
24363
21814
21471
23497
24599
21161
24400
24468
24044
21517
22470
20739
22988
23219
23073
22356
22586
22063
22722
20113
24210
20089
22412
25178
22044
20456
22904
25465
20625
22662
25300
22229
24563
24160
22697
21809
23367
24897
24986
21031
23170
23438
25044
22372
20751
22012
21749
22283
24950
20932
21254
22400
20144
23021
24721
22735
25307
25537
20389
25120
24595
22744
23377
20608
20208
25113
23453
22747
21946
24779
20859
20156
21231
21588
20175
25361
23385
21933
20763
21985
21349
22873
23204
22109
21636
23859
25627
20388
20206
24646
23537
25034
20707
23696
20157
25165
21078
22363
21398
22623
24386
24887
23875
22319
20210
24778
25206
21585
20577
24005
24332
22230
23312
25456
23285
20856
24235
22559
21548
20450
22378
24651
22715
22294
21263
21028
22507
23571
21782
23895
22795
20095
23089
20515
23175
20686
20098
24298
25092
21205
23502
22020
20452
21121
20848
23858
20901
21457
23054
24791
25318
24153
21291
21779
20064
22512
21813
23834
23718
21266
25359
20733
20792
21612
24500
23799
20756
22073
20486
22513
25308
24144
22424
20054
21852
22561
21039
22149
24107
25276
22439
20147
23300
22045
24129
24717
21260
21352
20050
22417
23647
21280
20080
22825
25546
22169
24673
24936
21616
22534
22892
25284
24293
22231
24231
20241
21681
22762
20961
23893
25529
22195
25100
23319
23674
22137
24263
24908
23286
21208
23117
20797
22207
20374
20412
24941
25410
25137
20683
24553
20449
22692
20883
22656
24632
23553
22976
20761
23023
21979
25167
20862
20585
20609
24328
24162
23195
23527
23855
21918
23090
25353
22648
23444
20806
25482
20867
22189
22553
24420
25562
25103
22421
20447
22327
22758
24973
20321
25656
25642
20259
21376
23797
20100
24656
24240
25494
24067
20618
23953
24427
21023
23434
22671
25543
23804
25631
22098
25332
21755
24714
20990
21970
20496
21570
24918
24179
24892
20615
20012
21862
20025
21531
22779
23790
23361
20481
24041
23523
24618
24306
21641
25087
24864
21880
22481
21344
23093
23810
20371
25185
23483
23720
25581
21297
22633
22786
21514
25454
24292
25388
22172
21379
21338
20329
25007
23844
22698
24839
20745
25419
23991
21074
21601
24571
21226
24762
25464
23707
20352
23762
21459
24006
22771
25198
25616
21665
21199
22122
25062
25588
21737
22991
20445
21351
22532
24865
25282
23366
21972
25288
22132
24653
20419
21414
22944
20820
21688
22823
25099
22050
20523
25118
23142
22051
25490
24832
25654
24844
23600
23488
21715
22036
20996
24358
25328
20261
20308
23999
20928
22146
24261
23158
20590
24803
23326
25459
22851
22478
25392
23800
20653
21307
24407
22980
21859
20384
22183
24476
20705
20240
20277
20484
24031
23441
21936
20596
22798
23741
21442
23578
20589
23111
22379
24566
21362
24391
21938
20579
25315
21035
23058
22469
23432
21342
24442
25548
25377
23595
21679
22644
24078
25078
23554
24626
25379
21394
24309
24412
25048
20552
20967
25480
22094
22708
25563
23714
20365
25518
24901
21630
23383
24700
21323
23178
21371
25368
20663
21014
23084
22104
25533
20865
21700
22900
20650
21101
23605
22345
22337
25541
25245
21546
23922
25001
24080
23025
25014
22752
21784
21876
21934
21959
21619
25653
25600
21058
24565
21643
23995
21171
22545
22188
22815
22312
23604
24785
20835
24683
21788
21470
20247
21792
24846
20802
20026
25451
20652
24537
20678
23700
22676
25514
22365
23495
21272
23877
23659
24601
23898
23941
21426
24073
24417
23546
21773
24671
23126
20951
22135
25327
21541
25182
24877
20135
21941
21013
21049
25601
20067
25435
21417
21306
22927
25645
23425
21261
20425
25149
23675
22729
21227
24069
23780
20551
22765
23989
21556
23689
20083
20520
20837
24776
20453
22664
21181
24688
24719
22516
23442
24947
23695
23626
25155
25619
22953
25573
23569
24984
21060
22123
21819
20148
24021
20844
20185
20933
20985
23669
21029
24324
22753
20875
24094
23636
20506
21413
20829
20195
22818
24737
24302
24540
24388
25133
20283
23358
20307
22734
21010
20567
22390
23710
20160
24545
20710
23113
20976
22447
23592
23548
23458
20956
22658
20587
24169
22015
21649
24645
22646
21860
22739
25545
22000
23818
22951
20749
21783
23091
24508
21523
22596
23289
21861
25603
24340
24857
22476
23152
23551
20053
24257
22918
21818
21753
22876
25442
23634
22558
22370
24528
25578
25186
24808
21731
25566
20730
22526
20215
24177
21545
20467
23422
23622
21026
24474
22487
23871
24830
22630
21758
21222
25551
21491
24896
25469
21357
22163
22952
22069
22967
25076
24461
24308
25613
24951
22186
25429
21234
24441
25203
21091
25003
23259
22528
22820
21538
20201
20800
21361
23076
23911
23245
20536
22284
20176
21492
25557
22411
24051
21878
20429
22147
23882
24415
25347
24655
22408
20361
22178
24953
23079
23324
23153
21284
25506
25644
24355
22924
24312
22090
23954
20645
24313
21318
24972
20222
20880
22047
22583
20503
24453
21568
20296
23721
24411
23116
24274
24307
22846
24497
21236
23596
21076
24598
20364
24587
21477
24230
24522
24200
21339
22446
21378
22524
25277
24579
20289
22511
23907
22162
20192
20554
24127
22686
21729
21148
22242
21438
21085
21289
24027
25143
20478
21913
22097
20752
23574
21407
24414
20404
22520
20769
20605
22863
20193
20285
23505
24586
21877
20912
21836
25292
21626
21082
21489
20065
23866
23814
20501
22677
25453
21537
22812
23487
20557
21070
22651
24695
22674
20931
20659
23148
22535
22571
24447
24519
20871
20533
21038
20809
22724
21373
25620
21107
21215
22614
25567
20669
22414
22139
21160
21835
20125
22888
22607
20253
22832
21088
23477
24266
25621
22985
22322
20468
23193
22056
24533
21854
20863
24343
20306
20287
24654
21218
24124
24316
21889
23423
21404
23240
23067
21033
25230
24036
25313
20682
24647
21774
22164
22919
22355
24399
20436
20191
23160
24192
24189
20039
23171
21898
22271
23431
23150
24419
21736
23480
23032
20273
22234
25360
23900
22158
22925
20189
24775
23022
20910
24616
23333
20803
21018
24373
25235
25415
21887
24204
21705
20781
22755
22709
20406
23446
24847
23732
23316
23140
23985
23200
21955
20174
21111
23509
24085
23998
21549
21631
23421
24888
21816
25512
24014
22962
24650
21067
21745
24767
24055
24659
25121
22427
20998
23078
20701
22208
23491
24539
20302
21109
22928
22998
20304
20606
21089
21123
21628
22657
23389
20224
24222
25526
22197
23506
20021
22331
22255
24218
21502
20063
20517
25263
24362
22768
20657
24860
21476
22968
23214
25381
21908
22014
24933
24052
24976
22310
25492
25602
21891
22375
24710
22410
24777
22978
20014
20244
20610
20331
22213
24868
22236
23632
20028
23795
22800
21165
20498
22196
22638
25037
23623
23182
20873
23771
20714
21245
22814
20546
24939
23440
23701
23678
20099
23467
22783
23611
20666
24349
25579
20656
25367
22096
22170
21017
22544
21451
21235
24842
22095
21108
25250
25646
25583
23699
21221
20774
23990
24101
24820
22748
24786
25090
20504
20154
23975
21484
21522
25325
25280
23828
22247
24030
25550
23449
22465
21598
21201
24368
22500
23580
21390
24333
24572
23448
24707
23914
22975
22010
23584
20340
23825
25063
21530
21534
25667
20594
20677
25066
20112
20957
24959
24828
23484
20646
20392
22026
23870
22856
21739
20949
21381
24596
24593
22670
25065
24259
21149
24456
23704
23774
25213
21506
24045
20983
23489
21617
20691
22884
24145
22640
23258
22565
23278
23343
23542
24594
21900
21238
25023
24353
25170
24824
23049
22885
20779
24288
24687
22395
23424
23906
23342
25028
20397
20535
23615
24667
23046
22696
24217
22153
25414
23416
24822
23979
24535
25222
23494
23644
23203
24084
25129
22554
20132
25461
23348
23371
20565
21274
25622
23532
25247
20637
24072
25177
22806
25107
22906
22994
25061
22332
24560
22264
21940
23558
22406
20264
20716
20728
23309
24605
21975
24352
25296
21281
23733
21986
25582
24772
21223
22244
20166
20430
24849
23451
24621
22678
21328
20815
20772
23938
20631
25373
25632
21196
23737
24536
24806
25511
20077
21505
22225
22303
23486
24068
25412
24112
20885
22505
23315
21716
20592
22198
23725
21412
22389
25321
22706
23924
20159
21364
20487
25008
22736
21844
24874
20516
25565
21949
21553
22681
22419
20995
20846
24247
21081
24330
23102
24798
21944
25384
24140
20323
20725
25477
23374
22668
23034
20801
20970
20155
20783
25303
23955
21151
20078
24058
23282
24804
25035
21027
20084
22849
24712
20485
25554
25538
21678
20789
23163
24684
24372
21709
24940
21839
25317
21356
25455
20411
20528
22440
25447
21807
24988
24639
21767
20227
24549
23966
23980
21923
25299
20843
22958
24576
24283
20723
22950
20469
25088
20006
22053
24977
21579
24482
21543
24465
23706
22539
24981
25668
20298
23573
22601
20736
20126
20022
20945
25021
22883
23305
23876
20249
25013
21990
23166
20876
22684
22003
25571
20355
23705
20041
23274
25530
20919
22917
25058
22966
23590
21775
20630
21152
24092
25363
25525
24184
24212
21620
21991
21239
21400
23202
22937
24039
25238
24252
20765
22313
24552
21175
24086
20991
24342
23786
24674
24911
22161
23807
20114
25394
22789
25196
24694
20141
22444
23297
24004
22647
20055
22368
23141
24013
24404
21368
20034
20334
24171
24736
24118
22680
22203
24205
20256
20368
20390
22547
20360
25531
20793
21409
20732
23071
22790
25508
22450
23812
21896
20939
21321
23206
22387
21347
23588
22357
25071
24190
25664
20110
24028
24726
22712
23478
24758
25491
24483
25184
23464
22613
21699
21377
21488
21042
21064
22179
21176
21927
24305
21576
24002
20294
20944
22291
24622
25365
25241
24875
25445
24025
20734
25187
20129
25427
20754
25334
21452
23865
23561
23809
22455
20087
24181
21433
20127
23321
22643
22293
20719
21311
23000
25192
23901
23620
24512
24460
20958
21666
23798
23173
24530
23482
22297
24467
25342
25393
22972
23277
24811
22108
21119
22160
25083
23607
21103
22489
24994
20881
21385
22802
24219
25173
20395
23220
20709
21316
22054
24837
21300
25649
25504
25287
21518
22731
24255
22497
22957
20317
23846
20819
22725
23637
21635
20824
20440
23114
24715
24582
24243
21776
22810
21214
23392
23612
22757
22295
23549
23606
20598
23302
24607
24955
24475
21893
22103
24755
23086
21820
23690
22868
24436
22384
20674
21310
21851
22838
21034
25305
25424
21555
21971
24578
20047
24024
20888
20586
22093
20015
21724
23536
24923
22764
22572
25176
24446
20213
24214
21885
25049
23631
21066
23296
21850
22557
20357
21785
24057
25244
21707
22033
20152
21332
23146
20870
20549
24661
20288
22661
21976
24570
24577
23242
24818
25417
20427
24265
24569
20422
21331
20735
24486
23187
21978
24396
24527
23851
22982
23944
20962
22088
23879
22552
20257
21115
22774
25215
22200
22954
24155
22907
23074
23317
24241
22650
21524
23304
21219
21249
20537
22929
21273
23005
21801
21490
23147
22611
22034
23327
22506
23946
24122
20183
20205
20548
24542
21873
20470
24538
20181
20137
22756
21059
24356
20675
22358
21170
20424
25547
21710
20591
22352
21980
22240
22498
21756
21425
22281
24833
21804
24748
23164
23778
23519
25364
23056
20150
23921
20667
24989
21909
25372
24123
24756
20540
23081
23493
24691
25405
21992
23515
22728
24113
24269
22052
24161
21436
20403
20946
25637
23265
22682
25443
25370
22369
20242
22672
22388
25085
20330
20177
22061
24944
20465
24185
25237
25074
22986
22344
25273
20851
22159
24010
23436
25639
23395
21993
24648
22620
24882
20158
24664
21072
21507
25420
25291
20381
24701
23100
25259
21830
20647
20471
23649
23050
20325
24361
22772
20226
22239
20925
22719
22438
23977
20681
21474
23026
20526
24585
24443
23773
24862
22366
25536
21882
20620
21806
22560
21242
20010
23372
23819
23767
24567
25233
22087
21464
21069
22460
20494
10831
10040
11673
11171
10100
11110
10433
11604
10678
11033
11341
11388
10858
10278
10166
10149
10395
10254
10650
11300
10754
11101
10630
10104
10089
10587
10737
10033
10449
10359
10175
11060
10925
11511
11516
10319
11042
10513
10729
10475
11632
11275
10768
11682
10556
11169
11109
11496
10510
10207
11252
10777
11001
11416
10541
11531
11458
10563
10214
10860
11543
10912
11309
10005
10303
10332
10826
11134
11556
10296
10953
11331
10399
11672
10623
10750
11113
10949
10022
10266
10222
10070
11493
10604
11306
10412
11621
11652
11155
10060
10724
11550
10676
10403
10535
10198
10247
10030
10246
10592
10401
10853
11492
11649
10772
11662
11071
10785
10940
10151
11558
10429
10671
10406
10177
10287
10169
11596
11389
10603
10884
11058
10131
11518
10099
11150
10085
10946
10983
10993
11358
10663
10844
10859
10980
10873
11220
11170
10698
10974
11197
10450
11494
10825
11077
10276
11212
11299
11438
10658
10727
10999
11660
10284
11435
11456
10920
11571
11647
11045
10801
11240
10599
11384
11156
11544
10309
11176
11022
10708
10321
11425
10741
10248
10984
10271
10790
11326
10311
10677
11590
11231
10723
10002
10667
10501
10096
10301
10685
10077
10098
11651
11433
10380
10187
10795
11576
11200
11253
11327
10783
10440
10490
11483
10792
10633
10019
10616
10018
10003
10444
11501
10057
11249
11478
11003
11090
10948
10970
10968
11266
10947
10305
10890
11582
11184
11163
10763
10580
11204
11393
11502
10982
10682
10709
11489
10306
10141
10425
10852
11216
10031
10903
10298
11480
11385
11069
10600
10227
11520
10112
10048
10780
10324
11532
10229
11533
10571
11193
11414
10283
11047
10256
10871
10368
10053
10387
10036
11277
10973
10269
10864
10135
11205
10282
11223
10957
10173
11083
11444
11185
10495
11542
11685
11131
11122
10926
10213
10134
11230
11399
11127
10356
10829
10781
11286
10720
10398
11178
10121
10821
10329
10977
10876
11081
11219
11519
10056
10206
10945
10540
11181
10784
10237
10258
10472
10778
11423
11106
11246
10689
11050
11541
10485
10519
11343
10509
10116
10625
10292
10128
11575
10578
10078
11233
11175
10773
10239
11684
11297
10994
10559
11386
11199
10935
10789
11548
11098
10862
11434
11359
11179
10165
11062
10602
10518
11367
11281
10648
11129
10644
11482
11375
11064
10807
10289
10815
10456
10705
10446
10596
10419
11316
11054
10190
10167
11037
10017
11535
10756
10793
11469
11302
11261
11443
10589
11217
11465
10799
11387
10342
11289
10126
10869
11173
11655
10064
10115
10345
10550
10069
10491
11097
10235
10474
10270
10295
10819
10410
11572
11587
11618
11229
10942
10796
10092
11315
11406
11279
11413
10371
10268
10694
10530
10814
10358
10434
10377
11497
10726
10344
11114
11661
10249
10786
10262
11189
11085
10211
11597
11338
10813
11258
10508
10904
11650
10736
11241
11507
11025
10238
10137
10998
10565
10186
10560
10103
10390
10874
11160
11328
10539
10428
11068
10082
10520
10385
11540
10074
10043
11254
10008
10265
11270
10962
10146
10272
10335
11415
11262
10707
10091
10209
11559
10514
10473
10489
11392
10645
11526
11356
10662
10746
11671
10466
11063
10961
11549
11467
10310
10548
11065
10336
10110
11115
10517
10875
10757
10130
10050
10011
10505
10711
10415
11508
10459
10558
10917
10629
10369
10549
10584
10150
10241
11525
11585
10145
10218
10812
10111
11213
11056
10294
10010
10389
10956
11222
10855
11391
10854
10426
10532
10775
10421
10117
11320
11365
11643
10168
10251
10581
11296
11418
10959
10156
11273
10143
10340
10372
11031
10700
11021
10531
11087
11295
10635
10471
10817
10327
11499
10001
11637
11023
10178
11029
10788
10337
11048
10006
11335
10717
10431
10225
10684
10081
10293
10242
11361
10157
10619
11677
10210
11670
11130
10176
11265
10703
10252
10524
11340
10738
10851
11657
10593
11008
10527
10058
10408
11187
10330
11209
11369
10552
10943
10443
11015
11452
11307
10728
11269
11408
10378
11484
10693
11680
10758
11164
10918
10299
11598
10636
10158
11036
11123
11283
10621
10930
10696
11005
11631
11180
10776
10936
11439
10504
10108
10641
11322
10938
10067
10845
11509
10436
10469
10751
10197
11451
11460
11364
11586
10020
10583
11665
11091
10376
10351
11076
10032
10212
10442
10887
10461
10824
11378
10497
11002
10802
10762
11226
11557
10464
10215
10034
10162
10045
10267
11470
10484
11442
10731
10199
10811
10830
10739
10712
10107
10180
11055
10798
10568
10701
10576
11545
10467
10964
11051
11546
11234
10027
11568
11280
10594
10394
10893
11573
10849
11646
11052
10334
11118
10120
10718
10656
10457
11061
10447
11360
11396
10243
10950
11276
10015
11555
10692
10014
10547
10675
11264
11007
10496
10220
10132
10690
11321
10834
10981
10941
11225
10333
10536
10823
10861
10224
11211
11578
11274
11105
10987
11642
10066
11420
11370
10545
10331
10317
11374
10521
10347
10192
10745
10892
11236
10971
11242
10231
10114
10228
11654
10803
10028
11611
10891
11422
10196
11476
11553
10448
11633
10673
10632
10637
11294
10460
10653
11616
11487
10533
11190
11472
10477
10037
10846
10574
10733
11138
11547
10316
11599
10528
10914
10842
10013
10760
11026
10136
10259
11041
10381
10364
11027
11683
10366
11591
10363
11351
10923
10016
10409
11667
10285
11135
10752
10881
10200
11645
10538
10967
10275
10898
11141
10290
10164
10086
10595
10889
11653
10124
10349
10160
10357
10455
11028
11410
10779
11239
10529
11137
10896
11491
10582
10833
11529
11004
10732
10339
11152
11107
11124
11379
10468
11336
10142
10828
11086
11614
11075
11402
11615
11293
10161
10601
11243
10843
11417
11676
10195
10097
10585
10934
10071
10159
11019
10919
10544
10051
11111
11686
10856
11218
10302
11182
11208
11366
10127
10646
10382
10744
10620
11100
10969
10577
10500
10502
11172
10083
10605
10634
11463
10009
11440
11419
10507
10649
10735
11588
11016
10315
10570
10697
10281
10183
10771
11167
11580
10129
10597
10365
10250
10288
11350
10122
10647
11584
10379
11329
11140
10714
11117
11569
11104
11412
10152
11034
11166
11644
10255
11666
11432
11628
11165
10579
11521
11148
10681
10922
11464
11066
11517
10997
10494
10044
10451
10261
10486
11401
11072
11448
10822
11157
10240
10052
10743
11659
10313
11459
10665
11207
10992
11674
11206
11512
10806
10084
10810
10038
10573
11093
11639
11067
10542
11602
10626
10063
10391
11566
11291
10668
10487
10566
10894
10188
10816
10725
10624
10208
10553
11479
10655
10352
11132
11397
10230
10153
11094
10543
11311
10139
10695
11257
10769
10307
11227
11057
11357
10179
10264
10223
10402
11032
11044
10740
10174
11151
11312
11332
11347
11012
11342
10730
11103
10042
10023
10835
10125
11070
11505
11354
11112
11474
11082
11074
10932
10245
11079
10400
11355
10674
11368
11450
11485
10652
11462
10411
11426
10885
10522
10073
11339
11073
10279
11407
11159
10722
10458
11466
10512
10441
10960
10966
10452
11259
10226
10687
11648
11574
10978
11609
11271
11120
10430
10068
10438
10383
11195
10346
10764
10138
10323
10144
11287
11405
10396
11431
10808
10704
10065
10035
10638
10747
11186
11380
11394
11174
10076
11310
10318
11145
11606
10611
10863
11247
11400
10575
11278
10055
10462
10766
11136
10476
10562
11500
10809
11162
10631
10182
11605
10203
10216
11228
10172
10133
11017
10049
11428
11224
10551
10286
11411
10308
10721
10361
10937
10748
11125
11080
10341
11554
10163
11039
11421
11006
10338
10915
10325
11250
11513
11183
11607
11018
10719
11471
10670
11523
11198
10972
11581
11267
11565
11377
11035
10804
10607
10355
11194
10537
10557
11539
11510
11506
11536
10899
10952
11449
10759
10742
11158
11625
10375
11096
11260
10590
10506
10012
10910
10770
11424
11437
10965
10407
11528
10841
11099
10388
10908
11325
11530
11679
10360
11562
10931
11203
11128
11177
10312
10481
11635
11210
11372
10716
10453
10432
10004
10688
10797
10628
10643
11154
11232
10872
10184
10393
11244
10680
10204
11430
11214
11594
10039
11577
10995
10901
10989
10618
11681
10839
10061
10761
10900
10185
10088
10679
10905
10021
10202
11013
11010
11108
10588
11409
10420
10427
10986
10170
10322
11564
11303
11255
11481
10113
10877
11619
11630
10569
10326
11617
10755
10916
10147
11468
10439
11454
10642
11040
10882
10800
11427
10791
10280
10232
11362
11119
11314
10025
11337
11153
11612
11403
10848
11634
10221
11441
11102
11330
10617
10991
10029
10482
10090
10236
11084
10244
10867
11147
10976
11600
11664
10260
10105
11490
11668
10818
10913
11678
10479
11088
11486
10277
10706
11282
10691
10627
11656
10148
10480
00296
00574
00468
00223
00958
00239
01471
01284
00849
02125
00797
01599
00636
00121
00077
00791
00635
01254
00725
00668
01526
02029
01496
01941
00572
00229
01276
00208
01805
00030
01625
01187
00837
00376
00115
01552
00899
00158
00497
00222
01517
01677
00795
00346
01057
02042
01662
00295
01387
01840
01901
01325
00484
01894
01159
00954
00464
01709
00057
00460
00753
01330
01263
01887
00200
01275
01789
01336
01194
01810
00418
00333
01731
00764
00815
00008
00957
02006
00911
00616
01691
00626
01683
00892
01101
00743
00213
01172
01431
00312
02021
00474
02007
01160
00853
00908
00903
02073
00135
00173
00415
01845
00722
00473
00192
02028
01796
01755
01099
01463
00814
00144
01964
00475
01193
00810
01409
01539
01399
00305
01732
00076
00368
01634
01362
01529
01416
01546
01877
00001
00091
00948
00393
02004
01291
00241
01747
00520
01339
00566
01904
01167
00097
00113
01907
01953
01685
01680
00819
01829
00523
01981
00324
00281
00607
00960
00829
00134
01245
02093
00555
01865
00695
01487
00138
00413
02011
01410
01620
00317
01934
00018
01785
01281
00538
01136
01938
01226
00918
01583
00232
01753
00643
01524
00839
00487
00897
01324
01619
00896
00430
01028
00927
01175
01568
01689
00707
01769
00546
02003
00390
00453
01652
01826
00676
00670
00852
00914
00382
00019
00485
01436
00215
00153
01629
00816
00755
01613
00323
01299
00002
01054
00652
00941
00905
01602
01717
00033
01976
01548
00291
01637
01270
02089
01044
02123
00629
00999
00054
01241
01393
00972
00061
01132
01105
01727
01984
00267
00633
01323
00399
01130
00276
01928
01200
00625
02110
00406
01198
01514
01406
01850
01569
00301
02000
01697
01003
00140
00488
00177
01345
01589
00310
01862
02087
01019
00955
01481
02049
00790
01773
01937
01343
00148
00217
01891
01665
00116
01833
00257
00319
01493
00079
01154
00012
00155
00503
00879
02009
01451
01142
00750
00334
00439
01774
01402
01714
01643
01306
00066
00974
00387
00209
01541
01024
01590
00454
00160
01423
00053
01766
00774
00059
00621
01207
00349
00016
01722
01841
02085
00547
00579
00877
00099
01780
00868
00216
01115
00738
00536
02133
01713
01470
01581
01991
00162
00768
00212
01397
01015
00401
01353
01917
00997
00875
01535
00477
00603
01519
00086
01385
00275
00476
01261
00114
01681
00332
02088
00351
00563
00483
00780
00426
00714
01799
01716
00356
00796
01111
00909
01538
01867
01352
01879
00531
01853
00245
00010
00691
01809
01823
00679
01600
00841
01555
00230
01645
00943
01395
01561
00663
00807
01260
00370
00998
00042
00361
00677
00865
01509
00742
01290
00851
01316
00975
00035
01169
01658
00885
01549
01197
00570
00151
00365
01293
01378
02040
00701
02072
00331
00741
00699
01852
00298
00756
01948
01412
01982
01315
00760
00491
01571
01327
00120
00286
01812
00354
01104
00506
01958
01149
00380
00584
01492
01458
01869
00100
01624
00036
00285
00510
00562
01861
00242
01238
01939
01830
00772
00831
01007
00747
01778
00060
01466
00720
01579
02019
00318
00953
00785
00817
01121
01547
00004
00304
02066
01300
00262
01235
01945
00973
01297
00615
02068
01586
00495
00258
01598
01905
00196
02027
01438
00813
01222
00666
01873
02098
01708
00455
00775
00763
00471
01943
00300
00681
01684
01759
01979
00194
01834
01248
00656
00690
00073
00537
00731
00947
01341
01933
01626
01908
02067
01657
00773
01564
01179
01704
00784
00219
01018
00050
00090
00692
01001
00458
00646
00568
01450
00826
00006
00657
01844
01770
01779
00493
01989
01668
00357
00118
01851
02142
00977
00344
00240
00995
00561
01986
01084
00502
01034
01095
01515
01442
01550
01285
00971
01606
01968
01309
01918
00935
01787
01880
00511
01221
00184
01068
00940
00866
01750
01870
00093
01356
00251
01364
00567
00906
00255
02121
01320
01311
01295
00011
00931
00082
00185
01556
00703
00827
01640
00348
01521
00096
00412
01310
01002
01067
01004
00912
00880
01660
00599
00678
01430
02126
01107
00325
01667
01138
00243
01046
01206
01666
02017
02077
01161
00617
00372
01921
01494
00022
00238
01147
00580
02105
02052
01695
01462
00234
00647
00191
01501
01266
01575
00595
02122
01314
00102
00706
00027
01857
01804
00887
01008
00694
01898
00392
02091
01707
01372
00766
01718
01860
02015
00873
00969
00150
01301
00786
01120
00586
01659
00979
01427
01098
01371
00283
00388
01974
02057
01214
01562
01272
00928
00716
00338
01143
00500
00075
00664
01151
00889
00767
00604
00442
01045
01382
00965
01824
00683
00501
00375
01370
01224
00448
01700
00159
01484
01366
01567
01999
01784
01511
01401
00751
01051
00614
02035
01344
00857
01268
01500
00271
00809
01457
01331
00072
01903
02060
00009
00609
00499
00618
01623
00496
00529
01730
01338
00145
00976
01383
01035
01060
00314
01039
00641
01542
02014
00830
00190
00133
00459
01699
00806
00740
00673
01674
02023
01195
01610
00178
00109
01890
01578
01815
00564
00551
00236
00745
01497
00802
00492
00126
00783
00913
00358
01171
01611
00718
01802
01477
01935
00461
01675
00915
00724
02082
01531
00848
00788
00518
00263
00949
00489
02055
00821
01649
00466
01725
01565
00700
01240
00535
00585
00907
01858
00525
01739
00386
01277
01212
00440
02046
01499
00408
00437
01071
01164
01498
01369
01679
00434
02083
01358
01163
00335
01607
00394
01762
00660
02137
02111
00078
01916
01554
01985
01392
00982
02086
01414
00339
01831
01608
01437
01642
00590
01203
00306
00752
02064
02130
00632
00270
00811
00805
00274
01061
00667
01648
00420
01544
00206
01419
01992
01988
01650
01614
01676
01417
01944
00613
01375
01279
01856
01872
00367
01461
01424
01420
01085
01703
00163
01687
01537
01403
01047
00893
01472
00256
01264
01740
00130
00689
01188
01577
00582
01582
01122
01209
00715
01706
01287
00605
01889
00622
00601
00482
00233
01633
00465
00161
01428
01097
01741
00680
00539
00369
00353
01832
01895
01622
00494
00029
02026
02101
00070
01398
01083
00823
00105
00737
00490
01322
02096
00253
00202
00534
01174
01246
01723
00696
01892
01011
01444
01052
01227
01380
01168
01400
02031
00723
00360
01342
00799
01532
00094
00967
00143
00950
01951
01381
01690
01302
00884
01817
00674
00264
00315
01585
01973
00833
00470
01124
02141
00748
01081
01728
02078
00888
01790
00028
00834
00175
01536
00981
00988
01017
00858
00593
01900
01558
01828
01653
01294
00205
00136
00662
01950
01425
00182
01701
01910
01208
02020
01854
01110
00672
02116
00362
01914
01065
00486
00181
00085
00771
00364
01821
01814
00303
01176
02018
01919
00186
01698
01847
02041
01333
00165
01570
00638
01601
00345
00610
00890
00543
01072
01384
00524
01686
01162
00320
00843
00688
01936
00117
00787
00224
00404
00553
01559
01196
00932
01876
00197
00119
00719
01987
00726
02069
00990
01563
01355
00552
00620
00698
01692
02117
00876
01021
01137
01551
01618
01473
01508
00577
00942
00820
02002
01452
01609
01893
01837
00634
01792
01182
00049
00103
01348
00129
00587
00032
02022
00685
01447
01927
00650
01123
00074
01184
00984
01274
01580
02107
00606
01404
01178
00758
01231
00736
00436
01016
00938
00007
01259
00450
02030
00244
01682
02008
00916
00921
01761
00137
00571
00709
02124
00403
01288
01186
00095
01593
00188
00575
01748
02131
00611
00111
01588
01042
01192
00152
01250
01205
01956
00327
01975
00560
00055
00556
00746
00924
01303
01201
00149
01445
00895
00112
00793
01165
00017
00290
00417
00671
01415
00064
01510
01013
02013
01543
00649
01239
00164
01153
00462
01335
01800
01475
02076
00341
00389
01243
00176
01413
01820
00405
00628
00631
00675
01663
00377
00098
00265
00832
01764
00800
00989
01141
00297
00419
01037
01476
01332
01566
02047
01765
00919
01435
00416
01909
01468
01376
00669
01354
01078
00058
01635
00041
01349
01594
00288
01432
00043
01360
00963
01636
02109
00322
01557
00522
01434
01131
01702
02097
01978
01506
00798
01584
01881
00328
01155
01014
01363
01199
01456
00432
00765
00359
00541
01464
01233
01553
00313
01641
01000
01868
00292
01996
00596
00051
00039
01970
00528
00550
00428
00203
00040
02012
01048
00169
02081
00451
01573
00594
00269
01751
00221
01257
01086
00712
00157
01866
01026
01202
01878
02044
00284
00481
01075
00235
01882
00302
00733
00846
01140
00934
01090
00414
01735
00872
01924
01525
01915
00661
00592
01439
01719
01053
01146
01460
00252
01767
00713
01289
00721
01036
01997
01574
00443
01032
01265
01282
01252
00759
00557
00705
00761
01108
00749
01712
01516
01871
00069
01781
01340
01791
00777
01963
00859
00929
01125
00326
01875
00183
01925
01673
02139
02115
00180
00378
01080
02092
00371
00645
00374
00978
02084
00423
01180
00665
01874
01312
01210
01448
01605
00704
02118
00282
01822
00445
01479
01693
01646
01595
01813
00307
00904
01966
00127
01952
00730
01530
02038
01308
01839
