24166
23128
21164
22300
24551
20938
20402
23630
23504
22032
24913
20165
24768
21871
22592
20007
24725
25387
20295
22277
24550
23069
20276
24202
20459
23716
23552
21999
20347
23863
24385
20857
20892
22456
22350
24727
22302
23037
24588
22209
22181
22721
21130
20794
22733
24914
20046
25160
22886
22934
20556
24809
20971
20070
23768
25211
23040
24059
21572
24630
21998
24011
25251
24229
22781
23750
23355
20300
21071
24879
21468
25146
21435
24294
21902
23853
25016
22793
22788
23094
23869
22309
24130
24975
24641
20236
22080
22750
20777
20561
25481
24378
21879
20742
20431
22850
25624
20179
23540
25212
20869
23976
22021
25174
24327
25486
20977
21822
21462
24658
21105
21355
23736
22514
20693
21427
21671
25310
24402
20999
22006
24201
21372
24852
21421
23350
20423
21532
22360
23758
21177
20838
22578
20324
21041
23191
22665
25662
24547
23340
20922
21593
21661
24799
20081
20731
22252
24360
23913
21337
24054
22667
20358
24507
24761
20770
22993
20385
24070
25439
24215
21144
23599
20442
20275
23627
24172
20476
21079
23831
21751
23399
24087
24193
23847
22266
24203
22124
25124
24902
22349
20187
22641
22114
24182
25487
23229
24485
23822
21942
24934
20694
21932
22808
20997
22274
22475
22288
22859
20872
21068
21550
21044
20712
22232
22713
20359
23243
25473
25046
22685
23905
24805
24686
23155
20507
21762
24789
21496
21528
20030
24916
24249
25253
21167
23331
24974
21493
23550
21997
21600
20180
23672
25033
24371
22376
21771
21057
24971
23983
24457
23012
22342
22608
20614
21974
20490
21340
21989
21255
23250
20988
23096
22626
21581
23454
24741
20399
24604
23933
20607
24992
22777
24437
22773
24949
25401
25256
24146
24430
20830
20916
23373
22817
22970
25169
25596
20492
25264
20353
24381
21128
21638
20595
22714
24662
21633
24568
24867
23127
22077
24248
21246
21697
22987
25450
22908
20635
25496
23653
24167
23360
24280
25628
23660
21994
24026
22492
24788
24469
25012
21668
21566
22222
24431
23121
24311
22329
20555
20018
22509
25067
20270
21870
22877
23747
24807
20706
22896
21919
24207
21441
24859
24132
22298
22074
24370
24103
23452
21761
22961
23688
24253
24250
22043
22837
20759
20230
21047
24387
22903
23268
21931
20658
20937
25500
22473
21304
21090
25281
21197
21794
21055
22969
24148
20005
23228
20303
22963
24722
20343
25171
23545
23376
22428
24543
25633
21789
21292
21494
24503
24903
23288
24961
25168
21772
22257
22754
25205
22579
20784
25666
23686
22155
22700
22254
22628
21012
20574
23837
23654
20673
21348
20959
23826
20601
24793
25647
20953
22609
21416
22110
25150
21575
20785
23992
20722
22049
23683
22604
24462
23161
25295
24285
22001
23290
20628
22642
24628
25608
23307
24574
23927
20814
22210
25440
21733
20696
25161
20796
25004
25266
23334
22461
21007
22639
24665
24018
23101
20560
23325
20088
24678
20220
23196
22416
25553
21110
25385
23239
23400
22897
23735
24663
23461
21726
24729
23711
20718
25471
23719
20553
23972
24747
22462
21811
23642
21658
25346
22898
21021
22894
24834
24224
25108
23045
22710
23508
23572
24008
24858
20305
20091
24523
24191
25239
23764
21232
21738
21209
22769
24917
25125
22263
22645
22804
25144
20164
22373
23731
22415
21486
23131
22397
24631
23717
21256
24561
21640
24869
23281
22214
20636
24079
23940
21286
20644
23652
22605
23208
20433
22577
23418
20093
21875
23192
20434
22493
24142
23144
20042
24331
21295
25474
25162
25164
24244
22984
22946
22268
25189
24104
22359
25517
25221
24660
20525
24583
20362
23624
21408
21405
23347
24581
20700
22273
23205
23646
20811
24731
20376
20960
23085
20670
23251
20382
23181
25147
21174
21968
20923
25610
23138
21330
24121
23287
25524
20721
21032
22278
20854
24286
23387
23593
20510
24590
22977
25422
23437
23273
24730
25193
25376
24228
25597
21182
20572
22315
21158
24956
25457
22167
23581
20211
20033
20661
23883
21143
22386
20239
24812
22062
25629
23531
23618
25411
24133
24163
24196
22145
25265
21958
21574
24256
24023
24810
24490
21025
23132
21590
24752
23466
20350
20396
22041
25151
25111
21001
24484
23447
20439
25032
22115
24954
22013
21485
23029
23253
20688
23105
20186
25560
22537
22616
23543
24998
24624
22853
23338
21224
23003
22655
24492
22567
25614
23884
24472
20040
23693
23356
22880
21973
24703
24792
20926
25609
23597
21662
21418
25470
25572
20346
24413
21551
21948
25569
23403
24623
21324
20380
22453
23817
21428
21097
20544
22219
22133
21823
20715
22216
22746
22689
24925
23601
22938
20879
24359
23698
24096
22177
22932
21611
25093
23960
22467
24819
23897
23712
23582
21265
23776
23255
23752
24771
25586
21354
20134
24880
23176
25651
25509
23524
21583
25345
23359
25391
24968
25038
25355
22347
24906
23125
23469
20258
22042
21288
20570
24297
25660
22458
23587
25513
20975
21637
20500
22027
20890
20251
20738
23648
20680
20293
20924
20534
22290
21005
24999
25396
25497
25448
23559
25059
21894
23284
22911
20539
23420
25294
25275
25658
23518
20036
24081
20889
25101
21287
23323
21966
20327
23435
20855
21133
20105
25552
25580
22243
25438
21402
22113
24236
21277
21833
23929
25594
21706
22154
20020
22875
21867
21217
24341
22486
25229
24766
24170
20727
23433
23398
22981
25024
23775
21587
24642
23479
20825
21056
24763
24524
22767
20941
23221
24682
24410
25053
20559
22521
21504
25527
21720
25626
20225
21766
24029
23833
22759
23294
21542
20993
21050
24861
20935
22185
23201
24669
21945
22813
20232
21984
21420
21888
24495
20072
24139
20035
25640
22624
20441
20649
23378
20075
20622
21892
25483
20898
23244
22669
23246
22194
25027
22483
24515
25520
21094
22741
23746
20790
25398
21791
24175
21828
25351
24620
21112
25503
25416
23761
23415
21964
25029
24049
21440
22100
21947
23765
23031
24091
22317
22895
23292
21285
21613
24047
20019
21604
24886
21124
22272
23154
23354
22248
24668
21366
24440
23890
20061
22143
20697
20409
23133
24245
23738
23035
22235
23635
21051
23577
25501
23209
23528
23339
25408
25444
23015
23514
22246
22824
20418
20964
23169
21965
21526
25042
22279
21448
20750
23753
22399
25374
21495
23390
21264
22046
22517
23533
24136
20338
20704
22540
20435
21533
25030
22496
21634
22518
21903
24929
23186
20458
25590
24105
23041
21391
25190
22833
25540
20097
22205
20531
22580
22348
21770
24870
20979
20149
22679
20038
21000
23522
22718
22333
24126
23570
20679
23567
25348
22039
21708
23638
24398
23236
20162
24769
23603
23386
20782
20345
24393
25407
22930
22220
20272
21325
21644
22602
21002
22538
21367
22836
23427
20017
20391
23352
24823
20466
20032
22695
21912
22964
25225
22546
23520
21189
24233
24978
22035
24952
25297
25661
22057
21220
21917
24720
21479
24237
22659
21565
21383
22916
25188
24921
21382
23997
21073
21053
23539
21392
21536
21872
22445
22325
21136
21829
20328
23676
20942
25194
23016
22585
20011
22979
25134
25020
24829
22890
20509
21595
23197
22007
20685
22566
24301
24520
24743
23613
21186
22148
24782
24033
20477
24993
23261
21721
24074
22965
20367
23598
20231
20096
24945
25015
21460
21301
21350
20274
22111
22180
21676
22666
22175
23248
25079
20167
21777
23472
23299
21499
24448
25304
24679
24329
23320
23729
25022
21481
20757
21599
20775
21795
22717
25138
22839
25421
22245
25433
20116
23816
22276
22794
21473
24504
22637
23756
20943
21805
25123
25349
20356
21622
22910
23920
21040
23727
23948
23498
21129
21642
20864
24685
24344
24395
20437
21559
25652
24948
20529
20899
22843
24326
21647
20929
22425
22530
23235
22931
20511
23671
21454
25564
20805
24048
22494
21386
25489
22687
21935
20768
20443
21652
20375
20268
21982
24615
24794
21211
20702
22878
21603
20852
20178
21075
24724
23625
23885
21793
22127
21508
20464
21704
23291
25322
24610
24835
22431
24264
22848
23165
24840
22017
21712
24093
24532
21363
24369
20482
24602
20573
25204
23298
22673
21450
21449
25593
21787
25154
24043
23066
23499
21096
20499
24555
22040
25463
24282
24496
20386
21842
22653
21016
24273
22318
25047
23249
24878
24365
25354
24433
24915
20845
22420
21632
24734
24114
21302
24770
21213
24271
23077
21154
20120
25068
24845
25522
25413
25017
22398
25191
21609
20190
23211
24095
22595
21445
22064
22016
21487
23926
24232
20689
20058
21765
25375
22449
22899
22321
23099
20122
23899
23516
23501
22259
23801
22048
21963
24125
20914
23013
24213
23529
22902
23194
21868
22182
20753
24759
23984
22405
22819
24801
21241
24494
25397
22285
21210
22075
20379
20163
23829
25148
21248
23845
25128
24592
25570
23118
24159
20891
21083
20217
22150
24131
24390
21406
24987
21169
20810
22306
23521
22314
22396
21897
20363
24046
24432
24980
23734
22760
23060
22335
25339
22165
23426
20339
21740
24753
25267
22634
22433
23813
22570
23430
25098
21821
23215
23917
25084
24392
20708
23759
23872
23805
25544
23916
24708
23770
24435
21293
23745
20488
21924
25043
21561
20538
20726
23742
20169
22591
24935
25089
23583
22131
23135
23119
25568
24165
21648
23247
22260
25115
23566
23760
25249
21270
22992
24318
21865
21825
23429
22862
23308
20720
23038
22663
21687
24088
21269
21455
23557
25010
25505
25369
22926
24077
20219
23252
20547
25611
21650
21179
24304
22480
24157
22030
20446
21268
20641
22533
23033
24584
23047
21054
25352
23666
22855
23382
23862
25326
20248
23332
22362
25240
22936
22829
20974
24907
20505
21858
23952
24322
25243
24300
21847
24197
24354
20934
21856
25157
22799
25638
23406
23271
21866
21429
23496
20639
22393
20518
22005
22099
21840
25234
24706
20173
22184
21472
20062
23174
20313
21080
20882
22921
20877
23919
24603
23510
25344
22023
20695
22168
24022
24397
22443
22847
21480
22289
24958
24425
23658
20428
22382
23860
25094
25081
20372
21113
20812
23951
21335
21864
23726
21004
21100
24268
21768
23832
25257
25102
22065
22304
22204
21703
20568
23793
22563
20571
20282
20216
24525
23854
20197
21943
20807
24498
20400
20369
23965
23673
24891
20842
22091
24206
21403
20209
25319
21803
20246
20569
24275
20776
21345
24032
23136
24713
24377
20136
21190
23589
22448
21606
22732
24199
24394
22882
25452
21760
25323
20982
21114
23368
20074
24744
23525
24056
22523
22632
22576
23456
22464
22599
22193
20994
23614
20370
25479
24643
23072
20094
25301
23212
24227
21557
25336
21884
22811
24749
20861
22796
24270
21172
20818
20581
25521
25458
25248
24606
22874
23902
24910
20416
22690
23792
20758
20366
20836
23457
20417
21138
23591
24895
21939
22152
24345
24637
20597
23994
25309
20387
20320
22002
24357
22525
22029
24773
22084
20643
24559
23857
21467
23092
25460
24489
24082
25141
21237
23943
22058
25436
23162
24473
24677
24379
21478
25576
22869
22801
24260
22228
24856
20016
20341
20280
23349
21322
21469
20648
20057
24873
23167
22256
21689
21419
22933
21596
23861
24220
22117
20578
22067
21048
21282
25493
22299
21006
22826
25057
23878
23796
21849
23935
23279
24221
23059
20279
24836
25467
23757
23157
24764
23039
24649
21011
24995
21250
23471
21202
22581
24416
20638
22422
21675
25142
20004
21519
24696
20455
21183
23381
21003
22564
24242
20887
21312
23982
25055
24445
22740
25672
25371
23500
22072
22582
21465
22723
23227
25426
25389
21614
23868
25634
24652
21086
25499
22192
22089
23507
20269
24315
22316
23017
23663
20828
24384
21456
23314
20250
25612
23930
23657
21252
20603
23275
23043
20229
23156
20479
24401
23351
23232
25223
21916
20621
23808
21188
21732
23684
22948
23225
25002
22171
20619
20196
21547
21173
24597
24813
20893
24154
22364
22019
22434
20031
23254
22973
24521
24705
24209
20905
20827
25122
23928
23272
20600
25217
22261
20001
25402
24681
21655
21203
21983
21540
24452
20634
25166
23681
24890
24854
21228
24800
23709
22502
20711
23363
21702
20767
21904
24872
22742
23042
20146
23687
22238
25210
24338
20662
21008
25050
25075
21663
25648
23677
23848
20640
24558
23754
21696
21719
22081
24640
22536
20743
20121
21341
22336
24619
23123
22999
22590
20746
22130
23199
22940
23988
21020
20451
25476
21781
25630
24426
22346
22834
21808
23512
23044
20981
22060
21116
24505
20699
24562
25218
21142
20351
23744
20108
24739
24841
20866
20310
24421
23947
23459
22491
23001
25200
24931
20009
22860
20791
22745
25145
20140
24062
22573
20474
24894
20813
22403
20633
20921
20354
22864
20632
21952
25220
20454
22945
21483
25498
22082
25219
24746
21786
25270
24629
23018
23260
21589
23241
23375
21127
24816
24348
20604
24106
22593
21275
21319
25077
23769
24531
25082
25126
21797
24176
23639
23661
23295
20260
25080
24194
21672
23124
21718
21087
21200
23970
23896
22059
22156
22935
20850
23640
22693
21734
21102
24455
25665
21848
24996
22705
20311
23781
22652
23080
25018
21692
22548
21855
22549
24238
22451
22840
22140
20489
23473
23130
21022
22394
20786
20521
25268
21742
24831
23662
24375
21623
25670
25605
21497
22555
23293
24374
24289
23958
22374
24225
25036
24787
22301
20398
22338
25617
22922
22504
25056
23115
21664
23357
22727
20142
21750
22367
23190
23409
24003
22479
25278
24180
24449
24638
21610
23310
24226
20255
24325
23645
23791
21180
20059
22126
25466
25285
20947
24195
24223
20543
25625
23276
21906
22879
21052
20128
21139
24876
24898
22296
21743
23811
24099
22287
20853
21098
21393
24015
22515
24439
20512
22562
21539
21684
20986
20508
25298
23835
21240
20839
24491
25236
23417
25175
24065
21956
20915
20624
20233
23428
23923
20550
24281
21303
25655
25105
24020
22436
21914
22792
21043
25195
22587
24817
22649
20676
25258
22120
21674
24408
23107
24347
22776
23198
23396
24960
23785
22956
20118
23280
23110
23568
21437
24709
22237
21092
21798
23062
21153
20071
23048
20773
21693
21279
23772
20954
23873
21036
20987
23722
22881
22354
20698
22125
23055
22401
21645
23159
22262
22173
20817
24310
25324
21422
23743
21395
22629
23530
24128
22939
23740
25135
24459
20309
22107
24287
23788
23388
23665
20344
21605
24119
23184
23670
25254
22463
22105
25488
21126
23188
20315
23766
20616
23821
22844
20143
20106
23303
24198
24319
21360
24102
20724
21147
22845
21106
21832
22129
24098
20221
24418
25228
22083
24303
23621
21411
22835
21837
23511
24364
25485
25589
22597
22328
22265
22466
25139
21899
23987
21802
20989
21915
24434
21309
24732
21271
21967
24076
20886
24781
22134
24991
20111
23641
21714
20860
25534
21513
23462
20461
24920
25069
21659
20948
21063
20373
24966
22380
20407
25561
21680
20069
23465
23894
20265
23950
20562
21510
20188
22857
24471
20414
22452
23106
24470
24478
24367
20438
21843
23585
21582
25535
23702
23172
23341
24997
20049
25549
22383
24702
23608
25117
21434
23827
23513
23562
24919
21928
23129
22974
24438
21639
24071
23137
22787
21728
20564
21525
24100
21573
25039
24676
21682
24591
20254
25116
25390
22144
22983
23959
24657
20841
24517
24061
21769
24405
24097
20237
23563
20491
24234
23301
23971
20703
25400
25114
25383
20286
22901
20832
21607
24928
20822
24295
21921
23749
25289
22865
21131
23379
24115
22092
23257
23915
22217
20432
21134
24267
20060
25201
21558
23564
21796
24403
24466
20654
21046
23633
22233
23180
20103
22778
25335
20052
25382
21062
23617
23619
25064
21262
21996
22990
22136
22775
24246
20602
23881
22780
21713
20665
25606
22226
21759
20909
22282
24116
21845
23755
24672
24946
21690
22575
20580
25109
23207
24428
22138
20322
24463
24389
25179
24790
21591
23445
21150
23311
23856
20130
22606
21370
20894
20849
20740
20138
20182
20076
23713
20086
23267
20207
20917
22249
20613
24337
25337
20472
23903
23492
21929
24969
23002
25358
23934
21125
22809
23968
21651
24738
23996
25607
23682
21247
23439
21145
25316
24208
20566
20483
20171
21216
23122
22782
24143
24932
20045
24513
20874
25271
20787
25669
24926
22413
25286
23964
21701
24120
22761
22660
24117
23993
25283
23370
23337
24509
21863
20798
23075
21735
21162
25671
21747
20588
23345
24488
24501
23555
22551
21694
20795
20599
23283
20473
25127
20326
21447
25172
24838
23806
23328
21500
21157
22914
24627
20218
23322
22085
21399
22763
22996
21015
24451
21812
24012
24783
24979
25432
21608
24617
23697
22519
22404
23784
23407
23680
22377
22351
25095
25006
24780
20918
23455
23535
23823
22343
23575
22275
25574
21656
21346
21343
24611
25140
20833
24827
21920
21037
21763
21874
24239
24382
20048
22703
24964
24066
23956
24320
20911
24541
24422
23391
21156
22598
25585
20153
25314
22330
24851
24912
21597
21780
25183
20816
20336
25045
24034
23216
23369
22485
21353
21957
25091
25595
25528
24573
25437
21225
24035
22891
25406
21826
24534
24363
21471
23497
21161
24468
24044
21517
22470
20739
22988
23219
24336
23073
23703
24380
22586
21627
20113
24210
20089
22412
25178
22044
20456
22904
22550
20625
23779
22229
22697
21809
23367
23011
21562
24897
24986
21031
23170
22871
20751
22012
21749
22283
20932
21254
22400
22541
20144
20771
23021
24721
22735
20389
25120
24595
20608
20208
20284
23453
22747
24779
21778
20859
23230
20156
21231
20175
25361
23385
21933
20763
20717
22971
21985
24697
24728
23204
22109
22568
25627
20206
23537
25034
20707
20157
25165
21078
22363
21398
22202
23875
22319
20210
24778
21585
20577
24005
24332
22230
23312
25456
23285
20856
21548
20450
22715
22294
21263
21028
22507
23571
23895
22795
20095
23089
23175
20686
20098
21296
25092
21205
22020
21121
20848
23963
21660
20901
21457
21291
21779
21251
20064
21960
20804
23718
21266
25359
20792
24740
21612
24500
23799
20756
20486
22513
25308
24144
22424
20054
21852
22561
21039
22149
24107
22439
20147
23404
23300
22045
23463
20377
24129
24717
21260
20050
22417
23647
21280
20080
22825
25546
22169
24673
24936
22923
22534
23402
21810
22892
25284
24293
22231
24231
20241
21681
20961
23893
25529
22187
22195
25100
24983
23319
23674
22137
24263
24908
22207
20374
20896
24941
25410
21117
21099
23470
25137
20683
24553
20449
22692
20883
22656
24632
23553
22976
20761
23023
21410
21979
25167
20862
25231
20585
20609
22522
24162
23527
23855
21918
25353
22648
20806
24636
25482
25331
21415
22189
22553
24420
25468
25562
22421
20447
22327
22758
24973
20321
25656
25642
20626
20259
21376
22339
23797
20100
24656
23443
22477
25494
24067
20448
20618
23953
23434
22671
25543
23804
22098
25332
21755
24714
22872
20990
21970
24614
24918
24855
24179
24892
20615
20012
22631
21862
21253
20025
21531
23739
21187
22779
23361
20481
24041
23523
24306
21641
25087
24864
21344
23093
23810
20371
23483
23720
24692
25581
21297
20123
22786
21514
21831
25454
24292
25388
25156
22172
23004
21379
21338
20329
25007
23844
24850
22698
24839
20745
25419
23991
24571
21226
25395
23912
24762
23707
20352
21093
23762
21459
20913
25198
23485
21665
24277
21199
22122
25588
21737
22991
23256
21351
22532
24865
23366
21972
25288
24653
20419
22944
20820
21688
22823
25099
22050
25118
22051
24832
22307
24844
23600
23488
21715
22036
21926
20198
20996
24358
25328
20261
20308
24962
22142
23999
22803
23233
22146
24261
23158
21746
20590
23326
22478
25392
23800
20653
20037
21307
24407
23541
22980
20384
23850
22183
24502
25246
24476
20705
20240
20277
20484
24031
24666
21936
22798
23741
21442
23578
20589
23111
22379
24174
21362
24391
22887
21035
22469
21163
21342
24442
25548
25377
23595
22004
21679
22644
24078
25078
24626
20878
25379
21394
24309
25507
25048
24680
20552
21698
20967
22094
25472
22708
25563
24291
23714
20365
25518
24901
21630
23383
24700
21323
23178
21962
23217
20655
25368
24406
24037
20663
23084
23547
20109
22104
25533
22900
22345
22337
25541
25245
25001
24080
23025
21876
25523
21934
21959
21619
25653
25636
25600
24565
21950
21643
23995
21171
22545
22188
22221
20737
22312
23604
25478
21744
24785
20835
24683
21192
21788
23346
23691
21470
23263
21792
20802
20026
25451
20652
22101
21194
20678
23700
25207
22676
25514
22949
23517
21954
23495
21272
23877
23659
24601
23941
21426
23981
24073
20545
24417
23546
21773
20951
22135
21541
25182
23344
24877
20135
22716
21320
21941
21095
25601
20067
23925
25208
21417
21306
24796
22927
20671
25645
21981
23425
25136
20425
23675
22729
21227
24069
23780
20551
22765
23989
21556
23689
20520
20837
21695
23748
20453
21181
24688
22516
23442
20778
23695
23918
23626
25155
25619
25350
24750
22953
23503
25573
23569
24984
21857
23475
24884
24021
20844
20185
20933
20985
25252
23669
24735
24324
20875
24094
23636
20051
20506
22818
24302
24540
25261
25133
20283
20301
23358
20307
22734
21010
20567
22390
21937
24545
20710
23113
20976
22447
25340
23592
23458
22654
20956
22658
20587
24169
22015
24645
20969
22646
20394
22739
25545
23818
22951
20749
21824
23091
24508
21523
23289
24625
21861
25603
24340
22476
23152
23551
20053
24257
22918
21818
21753
24905
23036
20623
22876
25442
22558
24528
25186
24808
20762
25566
25119
22526
20215
24177
20467
23422
23622
21026
24474
23871
22630
21758
20582
21222
21491
25269
24896
25469
21357
25663
20263
22069
20043
22967
24461
25613
22407
22854
22186
25429
21234
20593
21580
20847
25203
25003
20950
22820
21538
20201
20800
21361
23076
23911
20184
23245
22284
20176
25557
20429
24863
22147
24415
25347
24655
25515
23014
22408
20361
22178
23079
23324
23153
25506
25644
24312
24149
20102
23954
20645
21318
20880
22583
20503
24453
21568
23721
24411
23116
22286
24274
21673
24307
22543
22846
20101
24497
21236
24598
20364
23179
24587
21477
24522
22176
24200
21657
21339
21257
21378
24346
22524
25277
22511
22162
20192
20554
22686
21148
24042
21289
24027
25143
23974
20478
21913
22097
20752
23574
21407
21629
24414
20404
22520
20769
20463
20605
25643
21298
23505
21877
21626
23560
22870
21489
20065
23866
23814
23763
21333
22677
25453
23656
22812
23487
20557
21070
22651
25362
20202
24695
20931
20659
23148
22535
24447
23908
24826
20533
21038
20809
25604
22724
20884
21373
25620
21107
24516
24600
22614
25567
20669
22414
22139
21160
21835
20125
20253
23477
24266
25621
24323
22985
22322
20468
20194
23193
22056
21817
21854
20863
24343
20306
20287
24654
21218
24124
21889
23423
23240
23067
24765
21033
24036
25313
24151
24647
21774
22919
21748
22355
20191
23160
20039
22529
22224
23171
21898
22271
23431
23150
24419
21736
23480
23032
20273
22234
25360
22925
24775
23022
20530
24616
21018
24373
25415
21887
23852
24204
21705
20781
22755
22709
23446
24847
23151
23732
23316
23140
21869
23694
21955
20174
21111
23509
24085
23998
21549
21631
23421
24888
21816
25512
24014
22962
21067
21745
20262
24767
24055
25121
22427
20998
23008
23078
20701
22208
22037
23491
24539
20302
21109
22928
22998
20304
20606
21089
22657
23389
20224
24222
25356
23506
20021
22331
23318
22031
24218
21502
20063
20517
22488
24362
22768
21476
22968
23932
23214
21646
21908
21905
24933
22610
24976
22310
21891
22375
20161
25153
22410
24777
20014
20244
20331
22213
24868
22236
23795
24017
20498
22196
20541
22638
21388
24990
25037
23623
23182
20514
20873
23771
20714
21245
22814
23270
20546
24939
23440
23701
23467
24349
25579
20656
25367
22096
20755
22170
21017
22544
24186
24784
21451
21235
24842
22095
21108
25646
25583
23699
24634
21221
21571
24820
24786
25090
23643
20904
21276
23843
24075
20504
24774
20154
21484
21522
25325
23449
21598
21201
24368
22500
21691
21390
20316
24333
22106
23401
24572
23448
24707
23914
22010
23584
20340
20348
25063
21530
25409
21534
25667
20594
25066
21669
20112
20957
24959
24828
23484
20646
20392
22026
20949
24138
21381
24593
22670
25065
24259
21149
24456
21198
23231
22018
23849
23704
23774
25213
21506
24045
21461
22474
24317
20983
21617
20691
22884
21615
24145
22640
20124
23258
22565
22619
23145
23343
20290
23542
25054
24594
20426
21238
25023
24353
25170
24824
23049
21380
22885
22215
20779
24288
24687
24366
23424
23906
23342
25475
20535
23615
20068
22696
23269
24217
22153
25414
23416
24822
24535
25222
23494
23644
23064
23203
22603
24084
20002
25129
22554
20132
23348
23945
23371
25622
23532
20637
24072
22253
22806
25107
22009
23664
22906
22994
25061
22332
24350
22264
21940
23558
20264
22770
20716
21329
23309
24605
21975
24352
25296
21281
23733
23565
25582
24772
22244
25366
20430
24849
23451
24621
22678
21328
20815
21243
20772
21061
23938
21184
25373
25632
21196
23629
23737
23052
24536
24806
22251
25511
20077
21505
22225
24511
22303
23486
24068
25412
24112
25484
22505
21722
24009
24904
21716
20592
22198
21412
22389
22943
25321
20342
22706
25577
22828
22353
20159
21364
20487
25008
22736
21844
24874
25565
22681
23393
22419
20995
24247
21081
24330
23102
22995
21944
24140
24351
20323
20725
25477
23374
20952
22668
20801
20970
24424
20155
20783
23955
21151
25130
24058
20684
23282
24804
25035
20084
24712
22166
24150
25538
20789
24684
24372
21709
21839
25317
25462
20460
21356
25455
20411
20528
21374
24988
24639
21767
22699
20227
24938
24549
21602
23966
23980
25299
20843
22958
25418
24576
20723
22950
25088
20006
22053
21432
24977
20401
24482
24109
23706
21901
25668
20298
23573
22601
20736
20126
20022
25021
23305
23876
20249
25013
23166
23594
20876
22684
25571
24000
20355
20495
23705
23274
25530
20919
22917
22441
22966
23590
21775
20630
21152
24092
25363
25525
24184
24212
21620
21991
21400
23202
22937
24039
24252
20765
20826
22313
24552
21175
24086
20991
24342
23786
23840
24674
24911
22161
23807
20114
20349
25329
25279
20252
22789
25196
24694
22444
23297
23724
20611
22647
20055
20729
22368
23141
24013
24404
21368
20034
24211
20334
24171
22527
21334
22680
22203
24205
20256
21977
22547
24423
25531
20793
20732
23071
25508
22450
21896
22831
20939
21321
24899
20955
23206
21347
23588
22357
25071
24190
25664
20110
24028
24726
22712
23478
24758
25184
23464
21699
25615
21488
21042
23803
22531
21104
22179
21176
24305
23708
21576
24942
24002
20294
20944
24622
20023
21799
25241
24875
25445
24025
20734
25187
25427
20754
21452
22889
24797
23865
23561
23809
24276
22455
20087
23224
24181
21433
20127
23321
22643
22293
20719
21311
23000
20271
24704
23620
24512
25112
24460
20958
24965
23798
23173
23482
22297
20906
24467
21723
21987
25159
25393
22972
24580
23277
22691
21077
24811
25431
21119
22160
20532
21103
20920
20881
21385
22802
24219
20395
23220
20709
20672
21316
21439
22054
20228
24837
21300
25649
25504
25287
21518
24255
22497
22957
20834
22725
20318
25558
21635
25214
23419
20440
23114
24582
23586
20292
24164
24243
21776
23088
22810
21214
23177
22841
22212
23392
23612
20107
22151
22822
24698
22757
22295
23549
23606
22392
20598
23302
24607
24955
24475
21893
22103
24755
23086
20333
21820
23087
21120
20900
23690
22868
23526
21206
24060
21310
21851
22838
21034
25424
21555
21971
23602
24578
24290
20888
21466
22093
21724
24923
22066
22572
24446
20213
24214
23364
21885
23103
21278
25049
25224
23631
20480
24050
21516
23296
21850
22557
21785
20003
25244
21358
21707
22033
20660
20152
24889
21332
23146
20870
20549
24661
20288
21511
20617
22661
21976
24570
24577
23242
24818
20895
25417
24137
20427
20936
24265
22766
24569
20422
21331
21567
20735
25587
25005
24486
23187
21978
24396
24527
23851
22982
23944
20962
22088
23815
20008
24635
22552
20257
22495
21115
22200
22954
22907
23074
20744
24241
22650
21524
21219
21249
20537
22929
21273
24609
23005
21801
21490
23147
22034
20027
23327
23024
22506
23946
24178
24122
20183
20205
20319
24538
20181
20137
21059
24356
20675
22358
20424
25547
23238
21621
20591
22352
21980
22240
20788
22498
21756
21425
24748
23164
25104
23519
25364
23056
21313
23921
24989
21909
25372
24123
24756
20540
24147
23081
23493
24691
21992
23515
22728
21132
21185
24113
23411
21290
24269
22052
22867
24161
21436
20403
25637
23265
22682
25443
25370
22388
25085
20177
22409
22061
23218
24944
20465
24575
24185
25237
21883
25074
22986
22344
25273
20851
22159
24010
23436
25639
20408
24529
21993
24648
22620
20158
24664
21072
21507
23534
24040
25291
20381
23892
24701
20291
23100
25259
21830
20647
21685
23649
25197
23050
20325
24361
20907
22435
22772
22025
20226
22239
20172
21431
20925
22719
24795
22438
21446
23977
20681
23026
20526
24585
24443
24862
22366
20145
21882
20620
21482
21806
22560
21242
20010
23767
21267
24970
25233
21464
21069
21401
22460
20494
10515
10435
10040
11627
11171
11349
11301
10433
10041
11033
10253
11341
11388
10858
10278
10166
10944
10149
11395
10395
10470
10254
10465
10650
10233
11300
10754
11101
10630
10104
10089
11352
10587
10737
10033
10449
10348
11285
10554
10359
10175
11060
11511
10990
10319
11042
10513
10729
10475
11632
11275
10768
11682
11169
11495
10555
10488
11109
11192
11318
10510
10777
11416
10541
11531
11458
10563
10214
11313
11543
10912
11309
10303
10332
10826
11134
10661
10296
10478
10953
11000
10155
11672
10623
10750
11113
10949
10022
10266
10222
11493
10604
11306
10412
11621
11652
11155
10060
10724
11550
10676
10403
10535
10198
10247
10030
10246
10592
10401
10853
11492
11649
10094
11662
11071
10880
11308
10785
10940
10151
10614
11558
10847
10429
10671
10406
10177
11552
10603
10884
11058
10131
11518
10613
11150
10140
10085
10257
10983
11191
10417
11358
10663
10546
10859
10328
11170
10698
10974
10503
11197
10450
11494
10276
11212
11299
11498
11567
10658
10392
10423
10999
11149
11660
10284
11435
11456
11571
11669
11647
11045
10801
10805
11240
11384
11156
11544
10309
11176
11022
10263
10708
10321
11425
10424
10219
10741
10984
11161
10790
11326
10311
10677
11590
11231
10723
10002
10667
10096
11011
11319
10301
10353
10685
11288
10077
10865
10098
11651
11433
10380
10187
10795
10123
11576
11404
11200
11323
10106
11327
11053
11622
10633
10019
10018
10003
10087
10444
11501
11249
11478
11003
11090
10970
10968
10493
11144
11592
11266
10878
10837
10947
11345
10405
11560
10305
10890
11582
11184
11163
10763
11204
10787
11393
11502
10982
10682
10709
10418
10306
11610
10141
10425
10852
10031
10903
11480
10639
10600
10227
11520
10048
10079
10780
10324
11333
11532
10699
10370
10229
11533
10571
11193
11414
10283
11047
10256
10871
10368
10053
10387
10036
11277
11641
10269
10864
10135
11205
10282
11223
10957
10640
10173
11083
11185
10495
11542
11685
11131
11383
11122
10926
10213
10134
11230
11127
10356
10516
11534
11286
10398
11178
10329
10977
11081
11219
11290
10895
11268
10958
11519
10454
10857
10206
10945
10540
10784
11461
10237
10258
10472
11423
11106
11246
11050
11256
10485
10519
11343
10116
10625
10292
10128
11575
10578
10078
11233
11175
10239
11684
11297
10994
10559
11386
11199
10935
10789
11548
10404
11201
10862
11434
11179
10165
10602
10518
10046
11367
11281
10648
11129
10664
11375
11064
10807
10289
10815
10456
10615
10705
10446
10596
10419
11316
11046
10190
11436
11037
10017
11535
10756
11133
11469
10598
10589
10062
11387
11524
10342
11289
10126
10869
11173
11655
10064
10115
10345
10550
10491
11272
11097
10235
10474
11215
10270
10295
10819
10410
10075
11572
11146
11587
11618
10897
11229
10796
10092
11315
10794
11279
11126
11626
11413
10371
10694
10530
10814
10358
11455
10838
10434
10726
10344
11114
11661
10753
10234
10786
11085
11338
10813
11258
10904
11650
10736
11241
11507
11025
10238
10137
10998
10565
10560
10832
10103
10390
10874
11160
11328
10428
11068
10304
10082
10026
10385
10205
11540
10074
10043
11254
10437
10008
10265
10101
11270
10734
10962
10146
10413
10272
10335
11142
11262
10606
10707
10091
11559
10651
10514
10473
10645
11526
10662
11344
10746
11671
10466
11063
10961
11570
11549
11467
10310
10548
11065
10336
10110
11115
10397
11475
10517
10975
10875
11446
10757
10130
10050
10011
10505
10711
10373
10024
10415
11658
10820
11508
11020
10459
10558
10917
10191
10629
10549
10584
10954
10951
10150
10241
10929
11525
11585
10145
11095
10218
10812
10111
11056
10119
10047
10294
10866
10010
10956
11222
10855
11391
10273
10854
10426
10532
10775
10669
11504
10194
10117
11320
11365
11643
10168
10251
10581
11418
11009
10959
11273
10143
10372
11031
10700
11522
11021
10531
10586
11087
11295
10471
10817
11324
10001
11637
11023
10189
11029
10788
10337
11048
10006
11335
10717
10431
10081
10293
10242
11361
10157
10672
10619
10210
11670
10765
11143
10524
10738
10851
11657
10593
11008
10093
10527
11187
10330
11209
11369
10552
10943
10422
10443
10374
11015
11307
11382
11390
10728
11269
11408
10378
11484
11680
11304
10158
11036
11123
11283
10621
10930
11005
10059
11631
11180
10936
11381
11398
11439
10504
10108
11334
10154
11322
10938
10067
11043
11509
10469
10751
10197
11451
11364
11586
10020
10907
10591
11665
11091
10376
10351
10212
10442
10887
11620
11378
10497
11002
10343
10802
10564
10762
11226
11557
10464
10215
10034
10162
10045
10054
10484
10193
11353
10731
10199
10811
10830
10739
10712
10107
10180
11055
10568
10701
10576
10928
10467
10572
11051
11546
10939
11234
10710
11663
10027
11568
11280
10394
10893
10849
11646
11052
10334
11118
10523
10718
10656
10457
11061
10840
11360
10243
10950
11276
10015
11555
11638
10692
10416
10014
11477
10109
10547
11292
10675
11196
11264
10496
10102
10220
10132
10690
10511
11321
10834
10981
11225
10333
10536
10297
10823
10861
11211
11105
10702
10987
10320
11420
10483
11370
10713
10331
11374
11561
10347
10745
11038
11236
10971
11242
10114
10228
11654
10803
10028
11611
11629
10891
11422
10196
11476
10673
10632
10637
11294
10460
10653
11616
11487
11284
11472
10477
10037
10846
10574
10733
11138
11547
11305
10316
11429
11599
10528
10914
10749
10842
11026
10259
11041
10381
10364
11027
10924
11235
11591
10363
10923
10016
10409
11667
11135
10752
10881
10200
10538
11221
10610
10275
10898
10683
10290
10164
10985
11603
10086
10889
11653
10124
10349
10160
10357
10955
10455
11028
11410
10779
10529
11137
10896
10582
10833
11529
10732
10870
10339
11152
11107
11595
11379
10468
11317
11263
10828
11086
11075
11402
11615
11293
10161
10601
11243
10843
11417
11676
10195
10902
10097
10585
10934
11514
10071
10608
11019
10919
10544
10051
11111
11686
10856
11589
11182
11208
11366
10127
10988
10382
10414
10744
10620
11024
11100
11238
10969
10577
10500
10502
11172
10083
10605
10634
11463
11440
10649
11016
10659
10315
10570
10183
11363
11167
11580
10129
10597
10365
10463
10250
10850
11447
11488
10118
11350
10647
11348
11346
11584
11329
11140
10714
11117
10827
10622
11569
11104
10152
10774
11034
11644
11666
11628
10579
11521
11148
10922
11464
11030
10996
11066
11517
10007
10494
10044
11624
11371
10201
10261
11401
11072
11448
10822
11157
11583
10240
10052
10743
11659
11459
10665
11674
11206
10868
11512
10806
10084
10810
10567
11445
10038
10573
10386
11093
11639
10291
10883
10542
11473
11602
10626
10063
10391
11049
11503
11579
10487
10894
10188
10816
10725
10624
10208
10553
10655
10352
11636
10782
11132
11397
10230
11311
10695
11092
11257
10769
10307
11227
11057
11357
10179
10264
10223
10402
10715
11044
10740
10174
11312
11012
10911
11608
10730
11103
10042
10023
10354
10835
10125
11505
11354
11474
11082
10217
11074
10909
10932
10245
10400
11355
10674
11368
11450
11485
10652
10933
11462
11675
10411
11426
10522
10073
11339
11073
11537
10279
11121
11407
11159
10314
10722
10458
10512
10441
10960
11457
10966
10452
10534
11453
10226
10687
11251
11648
11574
10978
11609
11271
10979
11120
10430
11538
10438
10346
11613
10764
10138
10144
11287
11405
10767
10396
11431
10808
10704
11014
10888
11376
10171
10035
10638
10747
11186
11380
11394
11174
10927
10076
11310
11145
11606
11247
11400
10575
10055
10462
10766
11136
10476
10562
11500
10809
11162
10631
10609
10182
11605
11237
10203
10216
10172
11017
11224
10551
10286
11411
10498
10308
10721
10181
11168
10937
11125
11080
10341
11554
10163
11039
11421
10338
10915
10445
10325
11250
11183
11116
11607
11018
11471
10670
11523
11198
11581
11565
11377
10384
10607
11188
11593
10355
10886
11194
10537
10557
10072
11510
11506
11536
10899
10952
11449
10742
11158
11625
10963
11096
10492
11563
11260
10506
10012
10910
10770
11424
11437
10965
10407
11528
10841
11099
10388
10908
11325
11679
11248
10360
10906
11562
11203
11128
10312
10481
10080
11635
11372
10716
10453
10797
10628
10643
11154
11232
10872
10184
10393
11139
11244
10836
10499
10204
11089
11515
11594
10095
10300
10995
11623
10901
10989
10618
10350
11681
11078
10839
10061
10900
11640
10088
10679
10905
10202
11202
10612
10657
10588
10420
10986
10170
11564
11303
10561
11481
10113
11630
10569
11617
10660
10654
10439
10879
11454
10525
10642
10686
10882
10800
11298
11373
10367
11427
10921
10280
10232
11551
11119
11314
10025
11153
11612
11403
10848
11634
10221
11441
11102
10666
11601
11330
11527
10029
10482
10090
10236
11084
10362
10244
10526
11147
10976
11600
10260
10274
10105
11490
11668
10818
10913
10479
11486
10706
11282
10627
11059
11656
10148
11245
10480
02108
02056
00658
01074
00296
00514
00574
00468
00223
00239
01471
01284
02125
01599
00121
00791
01254
00725
00925
01526
02029
01496
00572
00229
01276
00208
01805
00030
01187
00837
00115
01552
00899
00158
00497
00222
01517
01677
00346
01057
02042
01662
00295
01840
01325
01894
01159
00954
00385
00464
01709
00836
00057
01365
00460
00578
00753
01946
01183
01330
01887
01336
01194
01810
00418
00333
01731
00764
00815
00008
02006
00911
00616
01691
00626
01683
00892
01101
00743
00213
01172
01431
00312
00648
01838
00474
01160
00853
00908
00903
01545
00441
01512
02073
01899
00415
01845
00722
00473
00192
02028
00708
01796
01099
01463
01964
00475
01193
01816
00810
01409
01539
01373
00305
00076
00825
00368
01362
01416
01546
01467
01877
00001
00091
00948
00393
01736
01734
02004
00062
00241
00520
00309
01904
01167
00097
00113
01907
01454
01953
01685
01680
00819
01829
01981
00324
00281
00134
01245
00555
01865
00695
00031
00138
00413
01410
01620
00018
01785
01281
00538
01746
01938
00770
01226
01583
01533
00232
00381
01983
00591
01753
00643
01524
00839
00487
00867
00336
00467
01324
00702
01619
00896
00430
01028
00927
01175
02024
01644
00554
01568
01744
01689
01769
00546
02003
00390
00453
01652
01485
00218
00676
00670
00852
01960
00914
00382
00485
01436
00215
00153
01629
01954
01737
00816
00755
01613
00323
00910
01054
00652
00941
00901
01483
00905
01602
01627
01717
00033
01711
01976
01548
00291
01270
02037
02089
02123
00629
00999
00054
01241
00061
01132
01105
01727
01984
00267
00633
02136
00399
00316
01130
01990
00276
01928
01200
00625
02110
01523
00406
01198
01514
01406
01321
01850
01569
00347
00301
02000
01697
02103
01003
00140
00488
01345
01862
02087
01019
00955
01056
01481
02049
01773
00589
01937
01343
00148
00530
00217
01891
01665
00116
01833
00257
00079
01154
01313
00012
00155
00503
02009
01451
01142
00750
00334
00225
00644
00439
01402
01714
01643
01306
00066
00974
00387
00209
01541
01024
01590
00454
00160
00321
01766
00774
00131
00059
00621
01207
00349
00016
01722
02085
00547
00246
00579
00877
00099
00216
01115
00429
00684
00350
00536
02133
01713
01470
01581
01991
00162
00768
01015
02114
00401
01353
01917
01926
00997
01775
00875
01535
00477
00992
01519
00086
01385
00275
00476
01261
01757
01994
00114
01681
00881
00332
02088
00351
00778
00882
00483
00780
00426
01296
01405
01716
00356
00342
00254
01111
00909
01867
00480
01879
01853
00245
00010
00691
01809
01600
01715
00841
01555
00230
00187
01645
01395
02065
01561
00663
00807
01260
01955
01144
00042
00361
00677
00865
01509
00742
01836
01290
00851
01316
00885
00261
01197
00570
00151
01374
00365
01293
01793
02040
00014
00608
00701
02072
00331
00741
01612
01592
00298
00756
01948
01412
01315
00760
00630
01327
00120
01942
01812
00438
00354
01819
00828
01733
01958
01149
00380
00584
00840
00179
01458
01869
00100
01624
00036
00510
00562
01861
00237
01897
00639
00242
01238
01670
01939
00920
01830
00020
00772
01367
00831
01007
00747
01778
00720
01579
02019
00953
00785
00817
01522
01547
00004
02066
01300
00581
00262
01235
01249
00973
01297
00615
01835
02068
01745
00495
00258
01598
00196
02027
00813
01222
01873
02098
01708
00455
00775
00763
00471
01943
00300
00681
01684
01759
00835
01979
00194
01834
00293
01248
00656
00690
00073
00537
00731
00947
01341
01933
01626
01908
00273
02067
00773
01564
01179
01704
00784
00951
00219
01455
00090
00379
01947
00391
00646
02138
00568
01450
01777
00826
00006
00657
00396
01989
02025
01669
01411
01668
00357
00118
01851
02142
00977
00344
00240
00479
01998
00995
00693
00561
01721
00540
01986
01084
00502
01034
01095
01515
01442
01550
01285
00971
02134
01606
01968
01309
01918
01787
01880
00511
01221
00184
01379
00866
00642
01870
00093
01356
00251
01364
01902
00567
01292
00906
00255
01320
01311
01295
00011
00088
00931
00082
00583
00185
01556
00827
01640
00348
01521
00096
01495
00412
01449
01310
01067
01977
01004
00944
00912
00757
01660
00599
01756
01317
02126
01107
00250
01667
01138
01046
01206
01666
02017
02077
01161
00372
01921
00421
01494
00022
00238
01147
00580
02105
00878
01695
01462
00234
00647
00191
01501
01266
01575
02122
01314
01507
00102
00706
00027
01857
01804
01008
00694
01898
00447
00392
01707
00766
01389
02132
01860
00084
00873
00969
00150
00786
00046
01120
00586
01659
00089
01098
01371
00283
00388
01562
01272
00928
00338
01143
00500
00604
00442
01045
00923
01453
01382
00965
00508
01488
01418
00683
01114
01145
01896
00375
01370
01224
00448
00159
01223
01484
01366
01567
00259
01511
01401
00751
01051
00614
02035
01344
00857
01268
01500
00271
01903
00532
00009
01795
00609
01230
00499
00602
00496
01093
01651
01730
00145
01035
01060
00653
00092
01505
00641
00527
01542
02014
00133
01699
00806
00740
00673
02023
01811
01610
00178
01890
01815
00551
00236
00597
00745
01497
00802
00492
00231
00600
00126
00913
00358
01611
00718
01477
01935
01675
00915
00724
00848
00788
00518
00263
02055
00821
00021
01649
00732
01725
01565
00700
01100
00804
00472
00585
00907
01858
00525
01739
00386
01277
00440
01005
02046
01499
00437
02079
01164
00407
02032
01369
00855
00961
01236
00087
01576
02083
01358
01163
01607
00394
01762
00660
02137
02111
00078
01916
00198
01392
00982
01377
00803
02086
01414
02039
01632
01831
00107
01437
00469
00590
01203
01560
02130
00632
00270
00811
00805
00274
01061
01648
00420
01440
01544
00900
00206
01419
01992
01650
01614
02016
00838
01676
00068
01417
02113
00613
01375
01279
01856
01872
00762
00505
01461
01424
01420
01085
00163
01537
01403
01047
01920
00893
01472
00256
01264
00130
00689
01188
00983
01577
00582
01582
00515
00715
01706
01287
00048
01889
00201
00622
02043
00482
00233
01633
00449
00465
00161
01428
00034
01097
00680
00247
00067
00369
01112
00353
01832
01895
00410
01394
01622
00029
00023
02106
02026
02101
00070
00279
01398
01083
00823
00105
00737
00056
01995
01329
01322
00253
00202
00534
01723
00696
01892
01444
01052
01227
01168
01400
02031
00360
01342
00799
01532
00902
01951
01213
01381
01302
00884
01817
00674
00517
01258
01334
00264
00315
01585
01973
00833
00470
00422
01124
02141
01081
01728
02078
00888
01790
00933
00456
00028
00834
01536
00981
00858
00559
00593
01900
01558
01828
01653
01294
00205
00136
00662
01950
01425
00106
01910
01208
01678
01854
00672
00362
01932
01914
00486
00181
00729
00085
00771
00364
01821
01814
00204
00303
01176
02018
01919
00397
01698
01847
02041
01333
01350
01116
01570
02058
01601
00345
00610
00890
00543
01072
01384
00524
01686
01422
00687
00843
00688
00612
01936
00117
01771
00787
00224
00404
01782
00553
01559
01166
00166
01216
01196
00932
01876
00197
00119
00719
01987
00726
02104
02069
01563
01355
01692
00876
01021
00654
01551
01913
01618
01473
01508
00577
01441
00942
00820
02002
01452
01609
01893
01837
00634
01971
00103
01776
00129
01337
00655
00587
00032
02022
00685
01447
01088
01927
01480
00650
01123
00074
01184
00984
01274
00170
00606
01404
01178
00758
01798
00248
00337
01231
00736
00436
01016
00938
01118
01478
00005
00007
00450
02030
00244
01682
02008
00571
01710
00709
02124
01972
01177
01186
00095
01593
00575
00003
02051
02131
00111
01588
01842
01042
01192
01250
01205
01956
01975
00560
00055
00556
00071
00746
00924
01201
01445
00895
00112
01165
00824
00290
00417
00064
01520
01510
00966
01013
02013
01543
00168
00649
01153
00462
00509
01335
01800
00124
01768
02076
00289
00389
01243
00176
01820
00405
00628
00675
01663
00377
00098
02100
00265
00355
00800
00989
00994
00297
00754
01298
01037
01476
01332
01566
02047
00919
00569
01435
01468
01376
00640
00669
01354
00207
01368
01078
00058
01635
00041
01349
01594
00627
00266
01432
00959
00043
01491
00963
01636
00322
01211
01557
00522
01434
01969
00842
01702
02097
01749
00798
01584
00452
01881
00818
00328
01155
01014
01469
01363
01603
01199
01456
00432
00541
01616
01233
00313
01641
01000
00292
01996
00051
00528
00550
00428
00203
00040
01654
00637
01048
00169
02081
00451
01929
00260
00269
01751
00221
01257
01086
00512
00712
01726
00157
01429
01866
01026
01202
00549
01878
02044
01617
00481
02062
00235
00302
00733
01140
00934
01090
01490
00125
01391
02112
00872
01772
00659
01924
01915
00686
00661
00592
00598
00308
01439
01053
01062
01269
00252
02095
01767
00713
00425
00558
00721
01036
01574
01923
00526
01265
01252
00705
01006
00749
00789
00845
01516
01871
01781
01340
01791
00777
01963
00946
00929
01125
01040
00326
01664
01729
01875
00183
01925
01673
02139
00180
00378
01080
02092
00371
00978
00423
01433
00665
01357
01931
01312
01210
01448
01605
00704
02118
01724
00282
01822
00363
00445
01479
01693
01646
01595
01813
00307
00904
01966
00127
01286
00174
01952
00730
01022
01530
02038
00894
01308
02001
01839
