24166
22300
20402
23630
23504
20165
24768
21871
22592
23097
20007
24725
25387
20295
22277
23069
20276
24202
20459
25542
23716
20519
21999
20347
23863
24385
22078
20857
22456
24727
23037
24588
22209
21727
24900
22721
21130
20794
22733
21527
24914
22915
21389
22934
22116
24809
20971
24454
23768
25211
23040
24059
21084
21572
24630
21998
24011
24284
24229
23750
23355
20300
21071
24879
21468
20139
25146
21435
23262
24294
23853
24506
25016
22793
23094
23869
22309
24975
21030
24641
20278
20236
22080
20777
20561
25481
24378
24001
25070
21879
20742
20431
22850
23540
25212
20869
21677
20968
23976
23353
24327
25486
20977
21462
24658
21355
23830
23736
20693
21427
21671
25310
24402
22429
20999
24201
21372
21421
23350
20423
21532
21177
25086
20838
22578
20324
21041
22665
25662
20922
24927
21593
21661
21233
20081
20731
22252
24360
24038
23913
22941
23095
21337
24054
22667
20358
22912
24507
20770
22206
24070
25439
24215
21144
23599
21670
23053
20275
23627
24172
21079
23831
21751
24087
24757
24193
22749
23847
22266
22124
20170
24902
20383
22349
23108
20187
22641
25434
25487
20687
25330
23229
24485
23904
21942
24934
22808
20997
22274
21577
22475
23715
22288
20872
21068
21550
21044
22232
22713
23986
20359
24135
25473
21166
25046
25650
23905
24686
23155
24063
20507
21762
24789
21496
21528
24916
25253
21167
23331
21493
23538
23550
21997
21600
20180
24371
20897
22827
22376
20044
21771
21057
25555
22341
24843
23468
23983
24457
21961
21204
22608
20614
21974
20490
23223
21340
21255
21195
23250
20988
23096
23454
24741
24321
20399
25181
24604
20799
21764
21387
23841
24992
22777
24437
22773
24949
21815
25401
25256
23394
24430
20916
23373
22817
25169
21953
25596
20492
25264
20963
20353
24381
21128
21638
20595
22714
24662
21633
24568
24867
22077
21246
21697
20314
22987
25450
22908
24699
20635
24089
25496
24183
24167
21122
23360
23888
24280
25628
23660
22492
22490
24788
24469
21566
22222
24311
23838
22329
20555
24339
22509
25067
21870
22877
23747
24807
20706
23313
22896
24207
22688
24444
21441
21501
22738
20335
21317
22298
22074
20073
20780
24103
23452
22320
23414
22961
21618
20079
23688
24335
22174
25516
24253
22043
22311
22837
20759
20230
21047
24387
22903
23685
23268
25072
21931
20937
25500
22473
21304
21090
25281
21197
21794
20235
21055
22969
23213
25441
23329
20005
23228
20303
22963
20343
23266
22830
24815
23019
21229
23545
23376
22428
24543
24272
25633
21292
21494
22569
24903
23957
23288
24961
25168
21772
22257
22754
25403
22579
20984
24108
23939
25666
23686
22155
22700
21012
23837
23654
20673
23826
20601
24866
25647
23222
22609
21416
23579
22110
25150
21575
23864
24251
20722
23683
22604
24462
24644
23161
24285
24458
24007
24967
22001
23290
20628
25657
22642
24628
23307
23842
23927
22542
20814
22210
25440
20090
21733
20696
25226
20796
25266
22071
22461
20584
24450
21007
24909
24665
24018
20560
20992
23325
20088
20220
25553
21110
25385
23239
23400
22897
24883
22442
24663
23461
21726
24729
23711
25471
23719
23972
24747
22462
21811
21658
24716
22022
25346
22898
21021
23007
20840
22894
24834
24224
21624
25108
22710
23508
23572
24008
23936
20091
24523
25239
24751
21308
22893
23764
21232
21209
22769
24760
24917
25125
22263
25510
22645
22804
21554
25144
24464
20164
23731
22415
21259
23131
24612
23717
21256
24561
20337
24869
23281
22214
20636
24079
23940
21286
20644
24546
23652
22605
23234
23208
22577
20093
21875
23098
20434
23802
22493
24142
23144
21295
25312
25474
25162
22292
24244
22984
22946
25189
21019
24104
25517
25221
24583
20362
23624
21408
23347
24581
22324
22273
23646
20811
24731
20376
20960
20831
23085
20670
24216
20382
22199
23181
25147
21174
21968
20923
20475
25610
23138
21330
20868
20168
23287
25524
21503
24187
23070
20721
22635
22278
24286
23387
23593
20510
24590
23273
24730
25575
24228
23777
24733
21182
20572
22675
21512
21158
22784
22118
24956
25457
24957
20033
23883
20234
21475
21143
21065
25598
22386
20239
21326
25629
21178
24881
22730
23531
20117
24493
24133
24163
24196
22145
25265
21958
23132
21757
24752
20350
24589
20396
22041
20056
22334
25151
25111
21001
21578
24484
23447
20439
25000
22115
22013
23029
23105
20186
25560
22537
22616
24998
24624
20980
20690
23338
21224
23003
22655
24492
22567
25614
23884
24472
20040
21563
22880
24254
24670
21973
24703
23597
21662
21135
21418
25470
23210
20346
24413
21551
21948
23082
25569
23403
21521
24623
21324
22942
20380
21137
23817
21428
21097
20966
20544
21823
20715
22689
23601
20879
20972
21369
23698
22177
22932
25311
21611
23651
23712
23582
21265
23776
23752
24771
21354
20134
24880
25509
25345
25391
25158
25038
25355
22347
21711
23125
20258
22042
20200
25097
20415
21288
20570
25660
22458
21881
25026
23587
20975
21637
20890
20251
20293
20924
20534
20930
22290
22402
24999
25396
25497
25448
25073
23559
25059
21894
23284
22911
23420
25294
25275
25658
23518
20036
24081
21287
23323
21966
20748
23435
20855
25399
20204
21133
20105
25580
23867
22243
21146
20266
25438
21402
22113
24236
21277
23820
22852
23929
25594
21706
20020
20502
22875
25343
21217
24341
22486
25229
24766
24170
20727
23433
25024
24642
21056
24763
22767
20941
23221
24682
22737
24410
25053
22521
22430
21504
21720
25626
20225
21766
24029
23833
22759
23294
21542
20993
22008
21050
24861
20935
22185
21444
24669
21945
23576
22813
20232
21984
21420
21888
24495
22501
22468
20072
22726
24139
22615
20035
25640
22624
20441
22612
23183
23378
20622
21892
25483
20898
23244
21925
24930
22669
22194
25027
22483
24515
21094
22741
23746
20790
25398
21791
24175
21828
25351
23306
24620
25503
23761
25272
23415
25029
24049
22704
23030
21440
25380
20902
22100
20965
20457
25357
23031
24091
24156
22317
24544
20651
23083
22895
23292
21285
21613
24047
20019
25302
24886
22272
23154
23057
23354
22588
22248
23668
21366
24440
23890
20061
22143
20697
20409
23133
23839
22636
24409
23035
22235
23635
21051
23577
25618
23650
25501
20821
23528
23339
25444
22223
22437
23015
20223
23514
25306
22246
22824
20418
20964
23169
21965
21526
25042
22279
25025
21448
20750
23753
22399
21495
23226
23390
23973
22046
24136
20704
20435
21533
25030
21634
22518
23408
21903
24929
20458
25590
23041
25190
22833
25540
20097
22205
20531
22580
22348
24870
22955
20149
24064
20563
22679
20038
23522
22718
22333
24126
23567
25348
22039
21708
24398
23139
23236
20162
21951
23603
20782
24393
22930
22220
21644
22602
21002
22538
20413
21367
22836
23427
22024
20017
20391
24823
20466
20032
22695
22594
21912
20808
22546
20085
23520
21189
24233
24978
22035
25661
22057
21220
21917
24720
21479
24237
22326
25110
24090
24723
21383
25106
22916
22584
22218
25188
20203
24921
21382
25031
21073
21053
23539
21853
22694
21392
21536
21872
25333
22445
22325
21136
22858
20328
23676
20942
24173
20513
22585
22979
25134
22391
25020
24829
22890
20509
20978
21595
23197
22007
20685
22566
24301
24520
20642
24743
21895
23613
23961
22148
21140
24782
24033
20477
24718
24993
21827
21667
21721
24074
20522
22965
22269
20367
20741
23598
20231
20096
24945
21535
22432
25591
22805
22702
21460
21350
20274
22111
21396
20082
22180
21676
22666
22175
23248
22454
24556
25079
24168
21777
23472
23299
24448
24679
24329
23886
20713
25022
21481
21424
20757
21599
20775
21795
22717
25138
22839
21212
25421
22245
25428
21458
20116
22276
22794
23891
21473
23836
24504
22637
23756
20943
21805
25349
20356
20858
21800
22910
23920
21040
23727
23948
20575
22418
23498
21129
21642
23949
20864
24685
24924
22157
24344
24395
20437
21559
25652
20529
20899
24326
21647
20929
22530
23235
24943
20511
20908
25262
23671
21454
25564
20462
23009
22494
22920
22499
21386
22687
21935
20768
20443
21652
21375
22905
20268
21982
24615
24794
20702
22878
22121
21584
24922
21230
20852
20178
21075
23625
23885
22127
20464
21704
23291
22381
21359
22617
24610
20576
22431
24264
22848
23165
22017
21712
24093
24532
24369
22270
22947
21305
20482
24602
20573
22673
21449
21384
25593
21787
20299
25154
24043
23066
23499
21096
20499
21159
22040
24282
24496
21842
22653
21016
24273
22318
25047
25495
20664
24878
25354
24433
22420
21632
23474
24734
24770
24271
23077
21154
24152
20120
25199
25068
24845
20119
23728
25522
25413
25017
22398
20190
23211
24095
22595
23616
21445
22064
22016
21487
23926
24232
20689
21654
22119
25375
25202
22899
23899
23516
22259
23801
22861
21963
24125
20914
23013
24213
23529
22902
25425
22128
21868
22086
23984
22819
24801
25430
21241
25397
22285
21210
22075
20379
25641
20163
25148
21248
23845
25128
24592
25570
23118
24159
20217
22150
24131
21430
24390
21406
24987
21169
20810
25386
22306
23521
22314
22396
21897
24046
24432
24980
20214
24693
23734
23060
21717
20339
21740
24753
25267
22634
22433
23813
23430
25098
21821
25255
23215
21592
23917
25084
24392
20708
23476
23759
22305
25163
23805
25544
21995
23916
24708
24435
21293
23783
20488
21924
25043
21561
24480
20726
21463
20169
22591
24935
22201
22131
23135
23119
25568
25011
21648
23247
20764
22260
25115
23760
24690
25249
21270
24318
21865
23481
21825
21453
24675
23429
22862
23308
25209
23038
21687
22079
21269
21455
23557
25010
25505
22471
25369
20547
25611
21258
23061
21911
21650
21179
24304
22480
22030
21930
22267
23028
20558
22508
21268
20641
25132
23033
24584
23047
21054
25352
22913
24299
23666
22855
24334
23862
25326
20248
22323
23332
22720
23104
25240
22936
22829
24907
22589
21858
23952
21922
25243
21847
24197
24354
23365
25157
22816
23068
25638
23978
23271
22711
21866
22141
23496
20639
22393
22099
23020
25234
24706
20173
22184
21472
22258
20062
23174
20313
20410
21080
20882
22921
20877
24603
21191
23556
23510
25344
22023
20695
22168
24022
22443
22847
21480
22289
20378
24958
21336
24425
23658
20428
25131
21365
23860
25094
23362
20372
21113
23065
23951
21335
25290
22227
21004
21100
24268
23832
25257
25102
23264
20568
22563
20571
20282
20216
24525
23854
20197
22622
21943
20807
24498
23965
23673
24891
25227
20842
22091
24487
24206
21752
21403
25019
20209
20246
20569
24526
24032
23794
23136
24713
24377
22308
20136
23589
21606
22732
24199
20982
21114
23368
20074
23525
22989
23880
22576
22599
22193
20994
21741
23614
20370
20497
25479
23072
25301
23212
24279
21884
24749
20861
22796
24270
20818
20581
25521
25458
25248
23149
24606
22874
23902
21653
24910
20416
22690
23792
20758
23457
23591
24895
22627
21939
22152
24019
24637
25423
23967
23887
23994
22457
25309
21552
21327
20320
24357
22525
22029
24773
22084
20643
23857
21467
25460
24082
22068
21237
21586
23943
22058
25436
23162
24473
24677
24379
21478
25576
22801
24260
22228
24856
20823
20280
23349
21322
23679
25052
20747
20648
20057
20133
24873
22256
21689
23909
21419
23450
23490
21596
23874
23861
24220
22117
20578
22067
21282
21006
22826
25057
23751
23796
23544
23935
21193
20279
20332
24836
25467
23757
23157
20527
24764
23039
24649
21011
24995
23471
21202
22581
22102
24416
20638
21790
22422
20243
25559
21675
25142
20004
22190
24696
22055
22791
20455
21183
23381
22564
24557
24016
20887
21312
21838
23982
25055
20066
24445
25672
23500
22072
22582
21465
22723
23227
23143
20013
24141
21614
24871
23868
21594
24652
21086
25499
22192
22089
23507
20269
24315
25378
22316
23017
25232
23663
20828
20629
24384
21456
23314
20250
21509
25612
23930
23657
21252
21846
20603
20421
23275
21569
23043
24554
20229
23156
20479
25338
24401
23351
23232
25223
21916
20621
21910
21141
23808
23185
25152
21009
21188
21732
23684
23225
25002
22171
20619
23189
21547
21173
24597
24188
20893
24154
22751
21515
22019
22434
20031
23254
21294
22280
24521
24705
25242
24209
22797
23942
20905
25122
23928
23272
25599
22997
20600
25217
22261
20001
22683
24134
25402
24681
21655
21983
21540
20692
20634
23336
20973
23681
24890
24854
21228
24800
20711
21702
20767
22011
21904
24872
21907
22742
20146
23687
20524
25210
24338
20662
21008
25050
21663
24479
25584
25648
23677
23848
20640
24558
21564
23754
21696
21719
22081
24640
21730
20743
21341
24477
24619
23123
20746
22130
23199
22940
21020
20451
25476
21781
25630
20903
24426
24711
22346
21808
23512
23044
21397
22060
21116
24505
20699
23655
25218
21142
20297
20351
23744
20108
24841
20866
20310
24421
23459
22491
24745
25200
20009
22860
20791
20092
22745
25145
24062
22573
20029
24894
20813
23609
22371
21498
21988
20354
22864
20632
21952
25220
21155
20760
20454
22945
25498
25219
20927
25270
23824
23018
24742
21589
23241
23375
21127
24816
24348
20604
24106
22593
21275
21319
25077
23769
24531
25082
25126
20583
21797
24176
23639
23661
23295
24848
20668
20115
21672
23124
21718
21087
21200
24633
23970
23896
22156
20850
23640
22693
24455
21848
24996
22705
20311
23781
22652
23080
21692
22076
22112
23063
20212
21855
22549
24821
21283
24238
23237
22451
22840
22140
20489
21841
24963
23473
23384
22600
21022
23931
20786
20393
20521
25268
24937
24831
23662
24262
25404
21623
25670
25605
21497
24376
22555
22250
24374
24289
23958
22374
24225
25036
25041
24481
24787
22301
21045
22338
25617
22922
22504
22960
25056
23115
23357
22727
21750
22367
22385
23190
23409
24003
22479
25278
24180
23787
24885
22459
24638
21610
23310
24226
20255
24325
23645
23791
20059
22126
25466
25285
20947
25556
24258
24195
24223
25625
20766
22625
23276
21906
22879
20128
24564
21139
24876
24314
22361
23811
24296
24099
22287
20853
20493
21098
21393
24015
24439
22562
21539
21168
23109
21684
20986
20508
23835
22070
21240
20839
24814
25236
21956
20915
22842
20233
20550
24281
21303
25655
25105
21299
24020
20940
22436
21914
23410
22587
22120
21674
21886
24408
22776
20238
23396
21686
24960
22956
20118
24754
25532
23280
22426
23969
23110
21437
24709
22237
21092
21798
23062
23048
22807
20773
21693
21279
23772
23010
20954
24893
21036
20987
22881
22354
20698
23055
22401
21645
22262
22173
20817
24310
23937
25324
23743
21395
23530
24128
22939
23740
25135
20309
24287
23788
23665
20344
23412
23330
24119
23184
23670
25254
22463
22105
25488
23188
24510
20315
23766
20199
20616
23821
20143
20106
23303
24198
24319
20024
20724
25293
21147
23692
21443
21106
24098
24053
20221
23335
25228
22083
24303
21207
22574
23621
25260
25009
21411
22835
24982
24853
23511
25485
22328
23628
22265
22466
25139
25449
25519
22821
25659
23987
21802
22472
24383
22423
20989
21915
24434
24732
24985
21271
21967
20281
24781
20312
24991
20111
23641
21714
22866
20860
25534
21513
23462
24920
25069
20948
21063
20373
20131
21529
24966
20612
24548
20407
25561
21680
20069
23465
22707
23950
23413
20562
21510
22857
24471
20414
22452
23667
23106
24470
24478
21315
20438
21843
23585
25535
23702
25320
23341
24997
20049
25549
22383
22510
23608
25117
21434
22909
20245
23513
24518
24919
21928
23129
22974
24071
23137
22787
21728
20564
21525
25051
21573
25039
22038
23027
24676
21682
24591
23962
20254
25390
20104
22144
22983
23959
24657
24111
24689
20542
25274
24061
21769
24097
22621
22211
20237
24083
23563
22484
22241
23910
20491
23301
23971
23460
20703
25400
25114
25383
22901
21754
21607
21314
21244
25446
24928
20822
22028
24825
24295
21118
25096
23405
25289
24110
22865
21131
23380
24115
23723
23257
23889
23051
20432
21134
24267
20060
25201
22785
23610
23564
21796
24403
24278
21046
23633
22233
23180
23782
23168
22778
25335
20052
25382
21062
21969
23619
25064
21262
21996
22340
22136
22775
24246
20602
23881
20405
23730
20151
21713
25606
25592
22226
20909
23120
24116
21845
23755
24946
23397
22575
23134
25109
23207
23789
25635
22138
20322
24463
24389
21890
25179
24802
24790
21591
23445
21150
23311
23856
20130
21370
20894
20740
24514
20182
20076
23713
20086
24613
20207
24337
25180
21725
20472
23903
20420
23492
22959
21929
24969
21560
25358
23934
21125
23968
21651
23996
25607
21247
22618
23439
21145
25316
21683
20566
20483
23122
22782
24143
24158
24932
20045
24513
20874
25271
25669
24926
22413
25286
23964
21625
21701
24120
22761
22660
23993
25283
23370
23337
24608
24509
21863
20798
23075
21735
21747
20588
23345
24501
23555
23112
22551
20795
20599
23283
20473
25127
21447
23806
23328
21024
25040
21500
20267
21157
22914
24627
20218
23322
22085
21399
22763
22996
21015
24451
21812
24012
24783
24979
25432
22701
23697
22519
22404
23784
24499
23407
23680
22377
22351
25095
25006
21423
23455
23535
25539
23823
22503
22343
23575
22275
25574
21656
21346
25140
22482
20833
25623
25060
20444
21920
21037
21874
24239
24382
20048
22743
24964
24066
23956
24320
20911
24541
25216
24422
23006
25502
23391
21156
22598
22191
20153
22330
21597
22556
21544
21520
25183
20816
20336
25045
24034
24429
20627
21957
25091
25341
25595
25528
24573
25437
21834
22891
25406
24534
24363
21814
23497
24599
21161
24400
24044
21517
22470
20739
24336
23703
22356
24380
22063
22722
21627
20113
20089
25178
20456
22550
25465
22662
25300
23779
22229
24563
24160
21809
23367
23011
21562
24897
24986
21031
23170
23438
22871
25044
22372
20751
21749
24950
22400
22541
20144
20771
23021
24721
22735
25307
25537
25120
22744
23377
20608
20284
25113
23453
21946
24779
21778
23230
21231
21588
20175
25361
20717
22971
21985
21349
22873
24697
24728
23204
21636
22568
23859
25627
20388
20206
24646
23537
25034
23696
20157
25165
22363
21398
22202
22623
24386
24887
23875
22319
20210
25206
21585
20577
24332
22230
23312
25456
24235
22559
21548
22378
24651
22715
22294
21263
21782
20095
23089
20515
23175
20686
24298
21296
25092
23502
22020
20452
21121
23858
23963
21660
23054
24791
25318
24153
21291
21779
21251
20064
22512
21813
21960
20804
23834
23718
21266
25359
20733
24740
21612
24500
20756
22073
22513
25308
24144
22424
21852
22561
22149
25276
22439
23404
23300
23463
20377
24129
24717
21352
22417
21280
20080
25546
22169
24936
21616
22923
22534
23402
21810
25284
22231
20241
22762
20961
23893
25529
22187
22195
25100
24983
22137
24263
24908
23286
21208
23117
20797
22207
20374
20896
20412
24941
25410
21117
21099
23470
20683
20449
22692
20883
24632
23553
20761
23023
21410
25167
25231
20609
22522
24328
24162
23195
23527
23855
21918
23090
25353
22648
23444
20806
24636
25482
25331
21415
20867
22553
24420
25468
25562
25103
22421
20447
22327
24973
20321
20626
20259
21376
22339
20100
24656
23443
24240
22477
24067
20448
20618
23953
24427
21023
23434
23804
25631
22098
25332
24714
22872
20990
21970
24614
20496
21570
24855
24179
24892
20615
20012
22631
21862
21253
20025
23739
21187
22779
23790
23361
20481
23523
24618
24306
21641
25087
24864
21880
22481
23093
23810
25185
23483
24692
25581
22633
20123
21831
25454
24292
25388
25156
22172
23004
21338
20329
25007
24850
20745
25419
21074
21601
21226
25395
23912
24762
25464
21093
21459
24006
20913
22771
25198
25616
23485
21665
24277
22122
25062
25588
21737
22991
20445
23256
21351
25282
23366
21972
25288
22132
24653
20419
21414
22944
20820
21688
25099
20523
25118
23142
22051
25490
22307
25654
24844
23600
23488
21715
22036
21926
20198
20996
24358
25328
20261
20308
24962
22142
23999
22803
23233
20928
22146
23158
21746
24803
25459
22851
22478
25392
20653
20037
23541
22980
21859
20384
23850
24502
25246
20705
20240
20277
20484
24031
24666
23441
21936
20596
22798
23741
21442
20589
23111
22379
24174
24566
21362
24391
22887
21938
20579
25315
21035
23058
23432
21163
21342
25548
25377
23595
22004
24078
23554
24626
20878
25379
21394
24309
25507
24412
25048
24680
21698
20967
25480
22094
25472
22708
24291
23714
20365
21630
23383
24700
21323
21371
21962
23217
20655
25368
24406
24037
20663
21014
23084
23547
20109
25533
20865
21700
22900
20650
21101
23605
22345
22337
25245
21546
23922
25001
24080
25014
22752
21784
25523
21959
21619
25653
25636
25600
21058
21950
23995
21171
22545
22188
22815
22221
20737
22312
25478
21744
24785
24683
21192
23346
23691
23263
20247
21792
24846
20652
22101
24537
21194
20678
23700
25207
22676
25514
22949
23517
22365
21954
21272
23877
23659
23898
23941
23981
24073
20545
24417
21773
24671
23126
20951
22135
25327
25182
23344
20135
22716
21320
21941
21095
21013
21049
20067
23925
25208
25435
21417
21306
24796
20671
25645
21981
23425
25136
21261
20425
25149
21227
23780
20551
22765
20083
20520
20837
24776
21695
23748
20453
22664
24688
24719
22516
23442
24947
20778
23695
23918
23626
25155
25350
24750
22953
23503
25573
23569
24984
21060
22123
21857
21819
23475
24884
20148
24021
20844
20933
20985
25252
24735
21029
24324
22753
24094
23636
20051
21413
20829
20195
24737
24302
24540
24388
25261
25133
20283
20301
20307
21010
20567
22390
23710
21937
20160
23113
20976
25340
23592
23548
22654
20956
22658
20587
24169
22015
21649
20969
22646
20394
21860
22739
22000
23818
20749
21783
21824
24508
21523
22596
24625
24857
22476
23152
23551
20053
24257
21818
24905
23036
20623
22876
23634
22558
22370
25578
24808
21731
20762
25119
20730
20215
21545
20467
23422
21026
24474
22487
23871
24830
21758
20582
21222
25551
25269
22163
22952
25663
20263
20043
25076
24461
24308
22407
24951
22854
21234
20593
21580
20847
24441
21091
25003
23259
20950
22528
21538
20201
20800
21361
23076
20184
20536
20176
21492
22411
24051
21878
20429
24863
22147
23882
24415
25515
23014
22408
22178
24953
23079
23153
21284
25644
24355
22924
24312
24149
20102
22090
20645
24313
24972
20222
20880
22047
22583
20503
24453
21568
20296
23721
22286
24274
21673
24307
22543
22846
20101
24497
23596
21076
20364
23179
24587
21477
24230
22176
24200
21657
21339
22446
21257
24346
22524
25277
24579
20289
22511
23907
20554
24127
22686
21729
21148
22242
24042
21438
21085
21289
24027
25143
23974
22097
23574
21407
21629
24414
20404
22520
20769
20463
20605
25643
22863
21298
20193
20285
23505
24586
20912
21836
25292
21626
21082
23560
22870
23866
23814
23763
21333
20501
22677
25453
23656
21537
22812
23487
20557
21070
22651
25362
20202
24695
22674
20659
23148
22535
22571
24519
20871
23908
24826
20533
21038
20809
25604
20884
21373
24516
24600
21215
25567
22139
21835
20125
22888
22607
20253
22832
21088
23477
25621
24323
22985
22322
20468
20194
24533
21817
20863
24343
20306
21218
24124
24316
21889
21404
23240
24765
21033
25230
24036
20682
24151
24647
21774
22164
22919
21748
22355
24399
20436
23160
24192
24189
22529
22224
23480
20273
25360
23900
22158
22925
20189
24775
23022
20910
20530
24616
23333
20803
21018
24373
25235
25415
21887
23852
24204
20781
22755
20406
23446
24847
23151
23732
23140
21869
23985
23200
23694
21955
20174
21111
23509
24085
23998
21549
24888
21816
24650
21067
21745
20262
24767
24659
25121
22427
20998
23008
23078
20701
22208
22037
23491
20302
21109
22998
20304
21089
21123
21628
22657
23389
20224
25526
22197
25356
23506
20021
22331
22255
23318
22031
24218
21502
20063
20517
22488
25263
24362
22768
20657
24860
21476
22968
23932
23214
25381
21646
21908
22014
21905
24933
22610
24052
25492
25602
21891
20161
25153
24710
22410
22978
20014
20244
20610
20331
22213
24868
22236
23632
20028
22800
21165
24017
20541
22638
21388
24990
23623
23182
20514
20873
23771
20714
21245
22814
23270
20546
24939
23440
23701
23678
20099
22783
23611
20666
25579
20656
22096
20755
22170
21017
24186
24784
21235
22095
21108
25250
25646
25583
24634
21571
20774
23990
24101
22748
24786
25090
23643
20904
21276
23843
24075
20504
24774
20154
23975
21484
25325
25280
23828
22247
24030
25550
23449
22465
21598
21201
24368
22500
23580
21691
21390
20316
22106
23401
24572
23448
24707
23914
22975
22010
23584
20348
23825
25063
21530
25409
20677
25066
21669
20112
20957
24959
24828
23484
20646
20392
23870
22856
21739
24138
21381
24596
24593
25065
21149
24456
21198
23231
22018
23849
23704
23774
25213
21506
21461
22474
24317
20983
23489
21617
22884
21615
22640
20124
23258
22619
23145
23278
20290
23542
25054
21900
20426
25023
25170
23049
21380
22215
22395
24366
23906
25028
25475
20397
20535
23615
20068
24667
23046
23269
22153
25414
23416
23979
24535
25222
23494
23064
22603
20002
25129
22554
20132
25461
23945
20565
21274
23532
25247
24072
22253
25177
22009
23664
22906
22332
24560
24350
22264
21940
23558
22406
22770
21329
20728
23309
21975
24352
21281
23733
23565
21986
25582
24772
21223
22244
25366
20166
24849
24621
22678
21243
21061
23938
21184
20631
25373
25632
21196
23629
23737
23052
24536
24806
22251
25511
22225
24511
22303
23486
24068
25412
24112
25484
20885
22505
21722
23315
24009
24904
20592
22198
23725
21412
22943
25321
20342
22706
25577
23924
22828
22353
20159
21364
20487
25008
21844
20516
25565
21949
21553
22681
23393
22419
20995
20846
24247
21081
24330
23102
22995
24798
21944
25384
24351
20323
20725
23374
20952
23034
20970
24424
20783
25303
23955
25130
20078
24058
20684
23282
24804
25035
21027
20084
22849
24712
20485
22166
25554
24150
25538
21678
20789
23163
24372
21709
24940
21839
25462
20460
21356
25455
20411
20528
22440
25447
21374
21807
24639
21767
22699
20227
24938
24549
21602
23966
23980
21923
25299
20843
25418
24283
20723
20469
25088
20006
22053
21432
24977
20401
21579
21543
24465
24109
22539
24981
21901
22601
20736
20022
20945
25021
22883
23305
23876
25013
21990
23166
23594
22003
25571
24000
20495
23705
20041
23274
25530
20919
22917
22441
25058
20630
21152
25525
24184
24212
21620
21991
21239
21400
23202
24039
25238
24252
20765
20826
24552
21175
24086
20991
23786
23840
24674
24911
22161
20349
25394
25329
25279
20252
25196
20141
23297
23724
24004
20611
22647
20055
20729
24404
21368
24211
20334
24736
22527
24118
21334
22680
22203
24205
20368
20390
21977
22547
20360
24423
25531
21409
20732
22790
25508
22450
23812
21896
22831
20939
21321
24899
20955
22387
21347
23588
22357
24190
20110
23478
24758
25491
24483
23464
22613
25615
21377
21488
21042
21064
23803
22531
21104
22179
21176
21927
23708
24942
20944
22291
24622
25365
20023
21799
25241
24875
24025
20734
25187
20129
20754
25334
21452
22889
24797
23865
23561
23809
24276
23224
24181
21433
23321
22643
20719
21311
23000
25192
20271
23901
24704
23620
25112
24460
20958
24965
21666
23798
24530
22297
20906
24467
25342
21723
21987
25159
25393
22972
24580
23277
22691
21077
24811
22108
25431
21119
25083
23607
20532
22489
20920
24994
20881
21385
22802
25173
20709
20672
21439
20228
25504
21518
22731
24255
22957
20317
20834
23846
20819
20318
25558
23637
20824
25214
23419
24715
24582
23586
20292
24164
24243
21776
23088
22810
21214
23177
22841
22212
23612
20107
22151
22822
24698
22757
22295
22392
20598
24607
24475
21893
22103
23086
20333
23087
21120
20900
23690
22868
24436
23526
22384
20674
21206
24060
21310
21851
22838
25305
25424
21971
23602
24578
20047
24024
24290
20888
20586
21466
20015
21724
23536
22764
22066
25176
24214
23364
21885
23103
21278
25224
20480
21066
24050
21516
23296
21850
20357
21785
24057
20003
25244
21358
22033
20660
20152
24889
20870
20288
21511
20617
22661
24570
24577
23242
24818
20895
25417
24137
20427
20936
22766
24569
21331
21567
25587
25005
24486
24396
24527
23851
22982
23944
20962
22088
23815
23879
20008
24635
22552
22495
21115
22774
25215
22954
24155
22907
23074
20744
23317
22650
21524
23304
21249
20537
22929
21273
24609
23005
21490
23147
22611
20027
23327
23024
22506
23946
24178
20183
20205
20548
20319
24542
21873
20470
24538
20137
22756
21059
24356
22358
21170
20424
25547
23238
21621
21710
20591
22352
21980
22240
20788
22498
21756
21425
22281
24833
21804
23164
23778
25104
21313
20150
20667
21909
25372
24123
20540
24147
23081
23493
24691
25405
21992
23515
22728
21132
21185
24113
23411
21290
22052
22867
24161
21436
20946
23265
25443
25370
22369
20242
22672
25085
20330
22409
22061
23218
20465
24575
25237
21883
22986
22344
25273
22159
24010
23436
20408
23395
24529
24648
22620
24882
24664
21072
21507
23534
24040
25420
25291
20381
23892
24701
20291
25259
20471
21685
25197
23050
20907
22435
22772
22025
20226
22239
20172
21431
20925
22719
24795
22438
21446
20681
21474
23026
24443
23773
24862
22366
25536
20145
21882
20620
21482
22560
23372
23819
23767
21267
24567
24970
25233
22087
21069
21401
22460
20494
10515
10435
10831
11673
11627
11171
11349
10100
11301
11110
10433
10041
11604
10678
11033
10253
11341
10278
10166
10944
11395
10395
10470
10465
10650
10233
10754
11101
10630
10104
10089
11352
10587
10737
10033
10348
11285
10554
10359
10175
11060
10925
11516
10990
10319
11042
10475
11632
11275
10768
10556
11495
10555
10488
11109
11496
11192
11318
10207
11252
11001
11416
10541
11531
10563
10214
10860
11313
11543
10912
11309
10005
10826
11134
11556
10661
10478
10953
11331
11000
10399
10155
11672
10623
10750
11113
10022
10266
10070
11493
10604
11306
10412
11621
11652
11155
10724
11550
10403
10535
10198
10247
10592
10401
10853
11649
10094
10772
10880
11308
10785
10940
10614
11558
10847
10429
10671
10406
10177
10287
10169
11596
11389
11552
10603
10884
11058
10131
11518
10099
10613
11150
10140
10085
10257
10946
10983
11191
10993
10417
11358
10663
10546
10844
10859
10980
10873
11220
10328
11170
10698
10974
10503
10825
11077
10276
11212
11299
11438
11498
11567
10392
10423
10727
11149
10284
11456
10920
11571
11669
10801
10805
10599
11384
11156
11544
11176
11022
10263
10708
10321
10424
10219
10248
10984
10271
11161
10790
11326
10311
10677
11590
11231
10723
10002
10667
10501
10096
11011
11319
10353
11288
10865
11651
11433
10380
10187
10795
10123
11576
11404
11200
11323
10106
11253
11327
10783
10440
10490
11053
11483
10792
11622
10633
10616
10018
10003
10087
10444
11501
10057
11478
11090
10948
10968
10493
11144
11592
10878
10837
10947
11345
10405
11560
10890
11582
11184
11163
10580
11204
10787
11502
10682
10709
11489
10418
10306
11610
11216
10298
11480
11385
10639
11069
10600
10227
10112
10048
10079
10780
11333
11532
10699
10370
11533
10571
11414
10283
11047
10256
10053
10387
11277
11641
10973
10269
10135
11205
10282
10957
10640
11083
11444
11185
11542
11685
11383
11122
10926
10134
11230
11399
11127
10829
10516
10781
11534
11286
10720
10398
11178
10121
10821
10329
10876
11081
11219
11290
10895
11268
10958
11519
10454
10857
10056
10206
10540
11181
10784
11461
10258
10472
10778
11423
11246
10689
11050
11256
11541
10485
10519
10509
10116
10625
10128
10078
11233
11175
10773
11297
10994
10559
11386
11199
10935
10789
11548
10404
11201
11098
10862
11434
11359
11179
10165
11062
10602
10046
11367
11281
10648
11129
10644
10664
11482
10807
10289
10815
10615
10705
10596
10419
11316
11054
11046
10190
11436
10167
11037
10017
10756
10793
11133
10598
11302
11261
11443
10589
11217
11465
10799
10062
11387
11524
11289
10869
11173
11655
10115
10345
10550
10069
10491
11272
11097
10235
10474
11215
10410
10075
11572
11146
11618
10897
11229
10942
10796
10092
10794
11406
11279
11126
11626
11413
10371
10268
10694
10530
10814
10358
11455
10838
10377
11497
10726
10344
11114
11661
10753
10234
10249
10262
11189
11085
10211
11597
11338
10508
10904
10736
11507
11025
10137
10998
10186
10560
10832
10103
10390
10874
11160
11328
10539
10428
11068
10304
10026
10520
10385
10205
10074
10043
11254
10437
10008
10101
11270
10734
10146
10413
10272
10335
11415
11142
10606
10091
10209
11559
10651
10473
10489
11392
11356
10662
11344
10746
10466
10961
11570
11549
11467
10310
10548
11065
10110
10397
11475
10517
10975
10875
11446
10757
10050
10011
10711
10373
10024
11658
10820
11508
11020
10459
10558
10191
10629
10369
10584
10954
10951
10241
10929
11525
11585
10145
11095
10812
11213
11056
10119
10047
10294
10866
10010
10389
11222
10855
11391
10273
10854
10532
10775
10421
10669
11504
10194
10117
10168
10581
11296
11009
10156
11273
10143
10340
10372
11031
10700
11522
11021
10531
10586
11087
11295
10635
10471
10817
11324
10327
11499
11637
11023
10189
10178
11029
10337
10006
11335
10717
10431
10225
10684
10293
11361
10157
10672
10619
11677
10210
11130
10176
11265
10765
10703
11143
10252
10524
11340
10738
10851
11657
10593
11008
10093
10527
10058
10408
10330
11209
11369
10552
10943
10422
10374
11015
11452
11307
11382
11390
10728
11269
11408
10693
11680
10758
11164
10918
10299
11598
10636
11304
11036
11283
10930
10696
11005
10059
11631
11180
10776
10936
11381
11398
11439
10504
11334
10154
10641
11322
10938
11043
10845
10436
10469
10197
11451
11460
11364
11586
10020
10907
10583
10591
11091
10351
11076
10032
10212
10442
11620
10461
10824
11378
10497
11002
10343
10802
10564
10762
11226
11557
10464
10034
10045
10054
10267
11470
10484
11442
10193
11353
10731
10830
10739
10107
11055
10798
10568
10701
10576
10928
11545
10467
10964
10572
11546
10939
11234
10710
11663
10027
11568
10594
10394
10893
11573
10849
11646
11052
11118
10120
10523
10718
10656
10457
11061
10447
10840
11360
11396
10950
11276
11555
11638
10692
10416
10014
11477
10109
10547
11292
11196
11007
10496
10102
10220
10132
10690
10511
11321
10981
10941
10333
10297
10224
11578
11274
11105
10702
10987
11642
10320
10066
11420
10483
11370
10713
10545
10331
10317
10521
11561
10347
10192
11038
10892
11236
10231
10114
10228
11654
10803
10028
11611
11629
10891
10196
11476
11553
10448
11633
10673
10632
10637
11294
10653
10533
11190
11284
11472
10477
10037
10846
10574
11547
11305
10316
11429
11599
10528
10914
10749
10842
10013
10760
11026
10136
10259
11041
10364
11027
11683
10924
10366
11235
11591
10363
11351
10016
10409
10285
10752
10881
10200
11645
10967
11221
10610
10275
10898
11141
10683
10164
10985
11603
10086
10595
10889
11653
10124
10955
10455
11239
10529
11137
10896
11491
10582
10833
11529
11004
10870
10339
11152
11107
11595
11124
11379
10468
11317
11336
11263
10142
10828
11086
11614
11075
11402
10161
10601
11243
10843
11417
11676
10195
10902
10934
11514
10071
10608
10159
10919
10544
10051
11111
11686
10856
11218
11589
10302
11182
11208
11366
10127
10646
10988
10414
10620
11024
11100
11238
10577
10500
11172
10083
10605
10634
11463
10009
11440
11419
10507
10735
11588
11016
10659
10315
10570
10697
10281
10183
10771
11363
11580
10597
10365
10463
10250
10850
11447
11488
10288
10118
10122
10647
11348
11346
11584
10379
11329
11140
11117
10827
10622
11104
11412
10152
10774
11034
11166
10255
11666
11432
11628
11165
11521
11148
10681
11464
11030
10996
10007
10997
11624
10451
11371
10201
10486
11401
11072
11583
10240
10052
10743
10313
11459
10665
11207
10992
10868
11512
10806
10084
10567
11445
10038
10573
10386
11093
11067
10291
10883
10542
11473
11602
10063
10391
11566
11049
11291
11503
10668
11579
10487
10566
10894
10188
10624
10208
11479
11636
10782
11132
10153
11094
10543
11311
10139
10695
11092
11057
11357
10179
10223
10715
11032
11044
11151
11312
11332
11347
11012
11342
10911
11608
10730
10042
10023
10354
10835
11070
11354
11112
11474
11082
10217
11074
10909
10245
11079
11355
10674
11450
10652
10933
11462
11675
11426
10885
10522
10073
11073
11537
10279
11121
11407
11159
10314
10458
11466
10512
11457
10966
10452
11259
10534
11453
10226
11251
11574
10978
11609
10979
10430
11538
10068
10438
10383
11195
10346
11613
10764
10138
10323
10144
11405
10767
11431
10808
10704
11014
10888
11376
10171
10065
10747
11186
11380
11394
11174
10927
10076
10318
11606
10611
10863
11400
10575
11278
10055
10462
10766
11136
10476
11500
10809
11162
10631
10609
11237
11228
10172
10133
11017
10049
11428
11224
10551
10286
10498
10721
10181
11168
10361
10748
11125
11080
10341
11421
11006
10915
10445
10325
11250
11513
11183
11116
11607
10719
11523
11198
10972
11581
11267
11377
10384
11035
10804
10607
11188
11593
10355
10886
11194
10557
10072
11539
11510
11506
10899
11449
10759
10742
11158
11625
10963
10375
11096
10492
11563
11260
10590
10506
10012
10910
10770
11424
10965
11528
10841
11099
10908
11530
11679
11248
10906
11562
10931
11203
11128
11177
10312
10481
10080
11210
10716
10453
10432
10004
10688
10643
11154
10872
10184
11139
11244
10680
10836
10499
10204
11430
11214
11089
11515
11594
10039
10095
10300
11577
10995
11623
10350
11681
11078
10061
10761
10900
10185
11640
10088
10679
10021
10202
11013
11202
11010
11108
10612
10657
10588
11409
10420
10427
10170
10322
11564
10561
11255
11481
10877
11619
11630
10569
10326
10660
10755
10916
10654
10147
11468
10879
11454
10525
10686
11040
10882
10800
11298
11373
10367
11427
10791
10921
10280
10232
11362
11551
11119
10025
11337
11153
11441
11102
10666
11601
11527
10617
10991
10029
10236
10362
10867
10526
11147
10976
11600
11664
10260
10274
11490
11668
11678
10479
11088
11486
10277
10706
10691
10627
11059
11656
10148
11245
02108
02056
00658
01074
00296
00514
00574
00468
00223
00958
01471
01284
00849
02125
00797
01599
00636
00121
00077
00791
00635
01254
00725
00668
00925
01526
01496
01941
00572
00229
00208
01625
01187
00837
00376
00115
01552
00158
00222
01677
00795
00346
01387
01840
01901
01325
00484
01894
00385
01709
00836
01365
00460
00578
01946
01183
01330
01263
01887
00200
01275
01789
01194
01810
00418
00333
01731
00764
00815
00008
00957
02006
00911
01691
00626
01683
00213
01172
01431
00312
00648
02021
01838
00474
02007
01160
00908
00903
01545
00441
01512
02073
00135
00173
01899
00415
01845
00722
00192
02028
00708
01755
01099
00814
00144
01816
00810
01399
01373
00305
01732
00076
00825
00368
01634
01529
01416
01546
01467
00001
01736
01734
01291
00062
00241
01747
00520
01339
00309
00566
01904
00097
00113
01907
01454
01953
01680
00819
00523
01981
00324
00281
00607
00960
00829
01245
02093
00695
00031
01487
00138
00413
02011
00317
01934
00018
01785
01136
01746
00770
01226
00918
01583
01533
00381
01983
00591
00487
00867
00336
00897
00467
00702
00896
01028
00927
01175
02024
01644
00554
01568
01744
00707
01769
00546
02003
00390
00453
01652
01826
01485
00218
00676
00670
00852
01960
00914
00382
00019
00485
01436
00215
01629
01954
01737
00816
00755
01613
00323
01299
00910
00002
01054
00941
00901
01483
00905
01627
01717
00033
01711
01976
01548
01637
02037
02089
01044
02123
00999
00054
01393
00972
00061
01132
01105
01727
00267
00633
01323
02136
00399
00316
01130
01990
01200
00625
02110
01523
01514
01406
01321
00347
00301
02103
01003
00177
01345
01589
00310
01862
00955
01056
01481
02049
00790
01773
00589
01937
01343
00530
00217
01891
01665
00116
01833
00257
00319
01493
01313
00012
00155
00503
00879
01451
00750
00334
00225
00644
00439
01774
01714
01643
01306
00387
00209
01541
01024
01590
00454
00160
00321
01423
00053
01766
00774
00131
00059
00621
01207
00349
00016
01722
01841
02085
00547
00246
00579
00877
00099
01780
00868
00216
01115
00738
00429
00684
00350
02133
01713
01470
01581
01991
00212
01397
01015
02114
00401
01917
01926
00997
01775
00875
01535
00603
00992
01519
00086
01385
00476
01261
01757
01994
00114
01681
00881
00563
00778
00882
00426
01296
01405
00714
01799
01716
00356
00796
00342
00254
01111
00909
01538
01867
00480
01352
01879
00531
00245
00010
00691
01809
01823
00679
01600
01715
00841
00230
00187
01645
00943
01395
02065
01561
00663
01260
01955
01144
00370
00998
00042
00361
01509
01836
00975
00035
01169
01658
00261
01549
01197
00570
00151
01374
01293
01793
01378
00014
00608
00701
02072
00331
00741
00699
01852
01612
01592
01948
01982
01315
00760
00630
00491
01571
00120
01942
00286
01812
00438
00354
01819
01104
00828
00506
01733
01958
01149
00380
01492
00840
00179
01458
01869
00100
00036
00285
00510
00562
01861
00237
01897
00639
00242
01238
01670
01939
00920
01830
00020
01367
01007
01778
00060
01466
01579
02019
00318
00785
00817
01121
01522
00004
00304
02066
01300
00581
01235
01249
01945
00973
01297
00615
01835
01745
01586
00258
01598
01905
00196
02027
01438
00813
01222
00666
01873
01708
00455
01943
00300
00835
00194
00293
01248
00656
00073
00731
01933
01626
00273
02067
01657
00773
01179
00784
00951
01018
01455
00050
00090
00379
00692
01001
00458
01947
00391
00646
02138
00568
01450
01777
00826
00006
01844
01770
01779
00493
00396
01989
02025
01669
01411
01668
01851
02142
00344
00240
00479
01998
00693
00561
01721
00540
01084
00502
01095
01515
01442
01285
00971
02134
01606
01968
01309
01918
00935
01787
01880
00511
01379
01068
00940
00866
01750
00642
01870
00093
01356
01902
01292
00906
00255
02121
01320
01295
00011
00088
00082
00583
00185
00703
00827
00348
01521
00096
01495
00412
01449
01002
01977
01004
00944
00912
00757
00880
01660
01756
00678
01430
01317
01107
00325
00250
01138
00243
01046
01666
02017
02077
01161
00617
00372
00421
00022
00580
02105
00878
02052
01695
01462
00647
01501
01266
01575
00595
02122
01314
01507
00027
00887
01008
00694
01898
00447
02091
01707
01372
00766
01389
02132
01718
01860
00084
02015
00873
00969
01301
00786
00046
01120
01659
00979
01427
00089
01098
01371
00283
01974
02057
01214
01562
00928
00716
00338
01143
00075
00664
01151
00889
00767
00442
00923
01453
00965
01824
00508
01488
01418
00683
01114
01145
01896
00501
00375
01224
00448
01700
00159
01223
01567
00259
01999
01784
01511
01401
00751
01051
00614
01344
01268
01500
00809
01457
01331
00072
01903
00532
02060
00009
01795
00609
01230
00618
01623
00602
00496
01093
00529
01651
01730
01338
00145
00976
01383
01035
01060
00653
00314
00092
01039
01505
00641
00527
01542
00830
00190
00459
00806
00740
01674
01811
01195
00178
00109
01890
01578
01815
00564
00551
00597
00745
00802
00492
00231
00600
00126
00783
00358
01171
01611
00718
01802
01935
00461
00915
00724
02082
01531
00788
00518
00263
00949
00489
02055
00821
00021
00466
00732
01725
01565
00700
01100
00804
01240
00535
00472
00585
00907
00525
01739
01277
01212
00440
01005
02046
01499
00408
00437
01071
02079
01164
00407
02032
01498
00855
00961
01679
01236
00087
00434
01576
02083
00335
01607
00394
01762
02137
00078
01916
00198
01554
01985
01392
00982
01377
00803
02086
01414
02039
01632
00339
00107
01608
01437
00469
01642
00590
00306
00752
02064
01560
00632
00270
00811
00805
00274
00667
00420
01440
00900
00206
01419
01992
01988
02016
00838
01676
00068
01417
01944
02113
01375
01856
01872
00367
00762
00505
01461
01085
01703
00163
01687
01537
01403
01920
00893
01264
01740
00130
01188
00983
01577
00515
01122
01209
00715
01706
01287
00605
00048
01889
00201
00622
00601
02043
00482
01633
00449
00161
01428
00034
01097
01741
00247
00067
00539
00369
01112
01832
01895
00410
01394
01622
00494
00023
02106
02026
02101
00279
01083
00105
00737
00490
00056
01995
01329
01322
02096
00253
00202
00534
01174
01246
00696
01892
01011
01444
01380
00723
00360
01342
00799
01532
00094
00902
00967
00143
00950
01951
01213
01381
01690
00884
00517
01258
01334
00315
01585
01973
00470
00422
01124
00748
01081
01790
00933
00456
00028
00834
00175
01536
00981
00988
01017
00559
00593
01558
01828
01653
01294
00205
00136
01425
00182
00106
01701
01910
01208
02020
01678
01110
00672
02116
00362
01932
01065
00486
00181
00729
00085
00771
01821
00204
01176
00186
00397
01698
01847
02041
01333
01350
01116
00165
01570
00638
02058
00345
00610
01072
01384
00524
01422
01162
00320
00687
00612
01936
00117
01771
00787
00224
00404
01782
00553
01166
00166
01216
00932
00197
00726
02104
02069
00990
00552
00620
00698
01692
02117
00654
01137
01913
01618
01473
01508
00577
01441
00942
00820
02002
01452
01609
01837
01971
01792
01182
00049
00103
01348
01776
00129
01337
00655
00587
00032
02022
00685
01088
01927
01480
00650
01123
00074
01184
00984
01274
01580
00170
02107
00606
01178
00758
01798
00248
00337
01231
00736
00436
01118
01478
00005
00007
01259
00450
01682
00916
00921
01761
00137
00571
01710
00709
01972
01177
00403
01288
01186
00095
00188
00575
00003
02051
01748
00611
00111
01842
01042
00152
01250
01205
00327
00560
00071
00924
01303
00149
01445
00895
00112
00793
01165
00017
00824
00671
01415
00064
01520
01510
00966
01013
02013
00168
00649
01239
00164
01153
00509
01335
01800
00124
01768
01475
00289
00341
00389
00176
01413
01820
00405
00631
00675
01663
00098
02100
00832
01764
00355
00800
00989
00994
01141
00419
00754
01298
01037
01332
01566
02047
01765
00569
01435
00416
01909
01468
01376
00640
00669
01354
00207
01368
01078
00058
01635
00627
00266
00288
01432
00959
01491
01360
00963
01636
02109
01211
01557
00522
01434
01969
00842
01131
01702
02097
01978
01506
01749
01584
00452
01881
00818
00328
01155
01014
01469
01603
01456
00765
00359
01616
01464
01233
01553
00313
01641
01868
01996
00596
00051
00039
01970
00528
00550
00203
01654
02012
00637
01048
00169
02081
01929
01573
00260
00594
00269
01751
00221
01086
00512
01726
01429
01866
00549
01878
00284
01617
01075
02062
00235
01882
00302
00733
00846
01140
00934
01090
00414
01490
00125
01391
02112
01735
01772
00659
01525
01915
00686
00592
00598
00308
01439
01719
01053
01146
01062
01460
01269
00252
02095
00713
01289
00425
00558
01036
01997
01574
00443
01923
00526
01032
01282
00759
00557
00705
00761
01108
01006
00789
01712
00845
00069
01781
01340
01791
01963
00859
00946
00929
01125
01040
00326
01664
01729
01875
00183
01925
01673
02115
00180
00645
00374
00978
02084
01180
01433
00665
01357
01931
01874
01312
01210
01448
01605
00704
02118
01724
00282
01822
00363
00445
01479
01595
01813
00307
00127
01286
00174
01952
00730
01022
01530
02038
00894
02001
01839
